all_transforms/M.grd
DSAA
926 532
0.0 231250.0
0.0 132750.0
-484.88357543945 1000.5779418945
[rows 264 to 296 of 532, columns 444 to 517 of 926]
269.6 276.9 284.8 293.5 302.6 310.9 319 326.1 332.8 339.4 345.8 352.3 358.9 363.9 368.2 370.6 372.3 372.9 373.2 373 372.6 371.1 369.2 366.3 363.1 356.7 349 340.5 331.7 317.9 302.2 284.1 265.1 246.6 228.3 212 196.5 183.7 171.8 160.4 149.3 137.6 125.8 115.4 105.6 95.91 86.32 76.54 66.71 58.31 50.31 43.65 37.36 31.61 26 20.96 16.08 10.27 4.211 -2.487 -9.351 -14.44 -19.09 -18.29 -16.15 -11.94 -7.235 0.05419 7.947 19.86 32.68 45.7 58.77 73.47
277.5 284.7 292.8 301.2 309.8 317.7 325.4 331.6 337.2 342.5 347.8 353.2 358.7 362.8 366.5 368.4 369.6 369.7 369.3 368.6 367.8 366 363.9 361.2 358.2 352 344.6 335.6 326.1 311.7 295.7 278.2 260.2 242 223.6 208.1 193.6 180.9 168.9 157.1 145.5 133.2 120.7 109.9 99.6 90.15 80.95 72.1 63.35 56.14 49.39 43.35 37.51 32.19 27.02 22.26 17.62 12.19 6.56 0.4011 -5.893 -10.66 -15.05 -14.44 -12.6 -8.99 -4.958 1.603 8.754 20.57 33.46 46.67 59.95 75.12
288.7 295.9 303.9 311.6 319.3 326.1 332.5 337.5 341.8 345.9 349.7 353.9 358.1 361.5 364.7 366.3 367.3 366.8 365.7 364.1 362.4 360.2 357.8 355.1 352.3 346.5 339.5 330.1 319.8 305.3 289.4 272.5 255.2 237.7 220 205 190.9 177.8 165 152.3 139.5 126.5 113.5 102.4 91.94 82.96 74.43 66.71 59.24 52.97 47.05 41.8 36.74 32.01 27.37 23.07 18.87 13.88 8.686 3.195 -2.373 -6.994 -11.38 -10.98 -9.412 -5.934 -1.999 4.339 11.24 23.06 36 49.24 62.55 77.55
300.7 307.9 315.8 322.8 329.5 335 340.1 343.7 346.7 349.2 351.7 354.5 357.5 360.3 363 364.3 365 364 362.2 359.9 357.4 354.6 351.8 349 346.2 340.5 333.7 323.8 312.8 298.3 282.6 266.2 249.6 232.8 215.9 201.3 187.4 173.9 160.5 146.8 133.1 119.5 106 94.68 84.02 75.48 67.6 60.95 54.67 49.3 44.18 39.74 35.49 31.37 27.28 23.47 19.74 15.26 10.58 5.701 0.7722 -3.56 -7.742 -7.44 -6.035 -2.588 1.348 7.577 14.34 26.06 38.9 52.21 65.62 80.39
315.2 322.4 330.2 336.3 341.8 345.9 349.4 351 351.9 352.7 353.6 355.3 357.3 359.4 361.5 362.5 363.1 361.4 358.9 356.2 353.5 350 346.2 342.7 339.4 333.1 325.6 315.3 304 289.5 273.9 258 242 226.3 210.7 196 181.6 167.8 154.1 139.8 125.2 111.5 98 86.4 75.4 67.21 59.89 54.13 48.83 44.23 39.84 36.25 32.89 29.44 25.97 22.72 19.54 15.76 11.81 7.396 2.857 -0.7908 -4.215 -3.654 -2.115 1.581 5.793 12.24 19.21 30.52 42.83 56.31 70.05 84.38
329.8 336.7 344.1 349.5 354 356.9 359 359 358 357.2 356.6 357 357.8 359 360.4 360.9 361.1 358.9 355.6 352.6 349.5 345.3 340.7 336.5 332.6 325.8 317.8 307.2 295.5 281.3 266.3 250.8 235.2 220.2 205.3 190.3 175.3 161 147 131.9 116.4 102.4 88.96 77.32 66.25 58.42 51.59 46.7 42.4 38.68 35.13 32.45 30.01 27.31 24.55 21.94 19.36 16.28 13.07 9.177 5.105 2.126 -0.5794 0.1725 1.774 5.629 10.02 16.69 23.88 34.84 46.66 60.05 73.8 87.7
344.7 350.6 357 361.8 365.9 368.3 369.8 368.8 366.6 364.6 362.7 361.4 360.5 360.1 360.1 359.6 359 356.1 352.4 348.9 345.4 340.7 335.5 330.6 325.9 318.7 310.6 299.9 288.1 275.1 261.5 246.3 230.5 215 199.6 183.5 167.2 152.1 137.5 121.4 104.9 90.67 77.14 66.02 55.65 48.19 41.63 37.61 34.35 31.78 29.41 27.77 26.35 24.65 22.88 21.07 19.24 16.89 14.4 11.2 7.804 5.449 3.355 4.114 5.576 9.344 13.66 20.55 28.04 38.76 50.22 62.8 75.64 89.17
359.6 364.2 369.3 373.3 376.8 378.5 379.4 377.7 374.8 371.8 368.7 365.9 363.3 361.4 359.7 358.1 356.5 353 348.7 344.7 340.8 335.7 330.2 324.7 319.3 311.8 303.6 292.8 281.1 268.8 256.4 241.3 225.2 209.1 192.9 175.7 158.1 142 126.4 109.6 92.52 78.15 64.67 54.09 44.42 37.5 31.41 28.24 25.93 24.52 23.37 22.85 22.51 21.85 21.09 20.12 19.09 17.5 15.76 13.25 10.55 8.817 7.332 8.226 9.704 13.4 17.62 24.73 32.52 42.86 53.78 65.48 77.37 90.42
374.7 377.3 380.1 382.5 384.7 385.6 386 384.2 381.5 378.1 374.4 370.5 366.4 362.8 359.4 356.2 353.1 348.8 343.8 339.3 334.9 329.9 324.8 319.1 313.3 305.5 297.1 286.4 274.9 262.7 250.2 234.9 218.5 201.1 183.2 164.8 146.2 128.5 111.2 94.3 77.61 63.59 50.42 40.46 31.49 25.53 20.48 18.1 16.52 16.3 16.47 17.24 18.19 18.67 19.01 18.99 18.86 18.1 17.18 15.41 13.41 12.31 11.43 12.8 14.72 18.37 22.45 29.79 37.9 47.46 57.34 67.97 78.76 91.06
389.2 389.4 389.6 390.3 391.2 391.4 391.3 389.5 387.1 383.3 379 374 368.7 363.7 358.7 354.2 349.8 344.6 339.2 334.2 329.4 324.6 319.6 313.7 307.4 299.4 290.8 280 268.4 256.1 243.6 228 211.4 192.7 173.4 154.2 135 116.2 97.39 80.37 63.92 50.22 37.39 27.84 19.3 14.13 9.986 8.385 7.54 8.414 9.789 11.73 13.84 15.36 16.71 17.62 18.41 18.46 18.33 17.3 16.05 15.52 15.17 17 19.36 23.03 27 34.45 42.72 51.6 60.62 70.38 80.3 91.91
401.9 399.2 396 394.6 394.1 393.7 393.3 391.7 389.5 385.5 380.7 374.9 368.6 362.7 357 351.6 346.4 340.8 335.1 330 325.1 320.2 315.2 308.8 301.9 293.8 285.1 273.6 261 248.4 235.7 219.9 202.9 183.5 163.3 144.3 125.7 106.7 87.52 70.18 53.42 39.97 27.58 17.91 9.099 4.274 0.6638 -0.2232 -0.3001 1.44 3.708 6.496 9.432 11.7 13.78 15.62 17.39 18.2 18.76 18.52 18.09 17.99 17.98 20.22 23.03 26.82 30.84 38.07 46.05 54.52 63.1 72.56 82.23 93.31
415 409.2 402.7 399.2 397.1 395.9 395.3 393.5 391.4 386.9 381.4 374.8 367.8 361.2 354.9 348.9 343 337.1 331.2 325.8 320.7 315.6 310.4 303.7 296.4 288.1 279.4 267.5 254.3 241.4 228.6 212.6 195.6 175.5 154.5 135.4 116.9 97.57 77.92 60.28 43.3 30.1 18.1 8.477 -0.4037 -4.827 -7.894 -8.119 -7.498 -5.029 -2.024 1.437 5.027 7.984 10.77 13.44 16.08 17.63 18.89 19.43 19.79 20.16 20.54 23.22 26.46 30.42 34.54 41.55 49.24 57.45 65.77 75.05 84.53 95.11
428.7 420 410.3 404.4 400.2 398 396.8 394.5 391.9 386.4 379.7 372.3 364.7 358.1 351.9 345.7 339.6 333.5 327.5 321.8 316.2 310.4 304.6 297.8 290.5 282.3 273.9 262.3 249.6 236.5 223.2 207.6 191.1 170.7 149 129.1 109.8 89.54 69.01 51.16 34.18 21.2 9.489 0.3142 -8.073 -11.95 -14.46 -14.16 -13.02 -10.18 -6.846 -3.158 0.6293 4.11 7.506 10.79 14.04 16.28 18.25 19.53 20.63 21.58 22.48 25.61 29.29 33.52 37.89 44.68 52.05 60.39 68.95 78.3 87.82 97.93
442.3 431.5 419.4 411.3 405.2 401.6 399.2 396.1 392.6 386.1 378.1 370.1 362 355.2 349 342.6 336.2 330 323.9 317.8 311.7 305.4 299 292 284.6 276.5 268 256.9 244.9 231.8 218.2 202.9 186.9 166.4 144.2 123.3 102.8 81.69 60.34 42.17 25.05 12.18 0.6649 -7.954 -15.67 -18.92 -20.8 -19.97 -18.34 -15.12 -11.45 -7.499 -3.468 0.5772 4.626 8.41 12.12 14.94 17.51 19.46 21.26 22.79 24.26 27.75 31.74 36.2 40.77 47.32 54.34 62.72 71.4 80.85 90.47 100.2
456 444.7 432.1 422.7 414.8 408.9 404 399 393.9 385.9 376.7 368.4 360.4 353.2 346.4 339.6 333 326.7 320.6 314.1 307.4 300.6 293.8 286.4 278.8 270.3 261.5 251.2 240.5 227.6 214 199.1 183.7 163.3 141.1 118.8 96.38 74.29 52.3 33.57 15.91 2.862 -8.71 -16.49 -23.09 -25.47 -26.57 -25.2 -23.11 -19.52 -15.5 -11.19 -6.795 -2.086 2.711 6.727 10.53 13.63 16.54 19 21.34 23.51 25.62 29.24 33.23 37.77 42.45 48.7 55.32 63.49 72.02 81.64 91.51 101.1
469.3 458.2 445.7 435.2 425.6 417.2 409.3 402 395.1 385.7 375.2 366.5 358.6 351 343.7 336.7 329.8 323.5 317.5 310.6 303.4 296.1 288.7 281.1 273.4 264.6 255.4 245.7 235.9 223.2 209.4 194.6 179.5 158.8 136.1 112.8 89.17 66.42 43.96 24.91 6.968 -6.04 -17.48 -24.52 -30.18 -31.84 -32.27 -30.38 -27.8 -23.79 -19.37 -14.55 -9.62 -4.318 1.088 5.323 9.241 12.55 15.69 18.6 21.44 24.13 26.78 30.54 34.58 39.24 44.05 50.06 56.35 64.39 72.83 82.52 92.49 101.9
481.9 472.4 461.3 450.4 439.5 427.7 415.6 405.5 396.2 385.1 373.2 364.2 356.4 348.6 340.9 333.7 326.7 320.6 314.8 307.7 300.1 292.2 284.3 276.5 268.7 259.7 250.1 240.6 231 218 203.9 188.5 172.7 150.7 126.6 103.2 80.08 57.41 34.87 16.1 -1.459 -13.91 -24.74 -31.27 -36.46 -37.72 -37.79 -35.41 -32.31 -27.75 -22.78 -17.08 -11.18 -5.47 0.1919 4.618 8.708 12.04 15.18 18.37 21.57 24.54 27.46 31.39 35.58 40.43 45.44 51.34 57.46 65.56 74.12 83.62 93.33 102.4
493.1 485 475.3 464 451.9 437.3 421.5 408.7 397.2 384.5 371.3 361.8 354 346 337.9 330.6 323.5 317.5 312 304.8 296.9 288.6 280.1 272.1 264.3 255 245 235.4 226 212.7 198 182 165.5 142.6 117.4 94.14 71.49 48.86 26.24 7.832 -9.204 -21.23 -31.65 -37.74 -42.49 -43.37 -43.07 -40.26 -36.69 -31.68 -26.25 -19.85 -13.17 -7.068 -1.129 3.494 7.759 11.27 14.59 18.09 21.65 24.95 28.18 32.29 36.62 41.58 46.7 52.55 58.57 66.65 75.2 84.53 94.03 102.8
500.8 493.5 484.8 473.4 460.7 444.3 426.4 411.5 398 383.8 369.4 359.3 351.1 342.9 334.7 327.3 320.2 314.3 308.8 301.6 293.9 285.4 276.7 268.4 260.3 250.6 240.2 230.3 220.5 206.7 191.5 174.8 157.6 134.5 109.3 86.33 64.12 41.48 18.7 0.9041 -15.27 -27.18 -37.72 -43.56 -47.93 -48.43 -47.76 -44.64 -40.8 -35.54 -29.88 -23.18 -16.18 -9.759 -3.493 1.342 5.789 9.857 13.82 17.72 21.61 25.34 29.03 33.32 37.75 42.65 47.65 53.55 59.66 67.5 75.73 84.95 94.39 102.8
507.4 500.3 492.3 480.5 466.9 449.3 430 413.4 398.2 382.9 367.7 357.1 348.4 340 331.7 324.1 316.9 310.8 305.1 298 290.3 281.8 272.8 264.4 256.2 246.2 235.6 225.4 215.4 201.1 185.4 168.1 150.3 127 101.9 79.37 57.67 35 12.03 -5.435 -21.1 -32.95 -43.58 -49.24 -53.35 -53.52 -52.48 -49.15 -45.13 -39.63 -33.7 -26.74 -19.49 -12.7 -6.041 -0.9222 3.778 8.43 13.07 17.36 21.56 25.75 29.93 34.45 39.05 43.92 48.87 54.94 61.27 68.86 76.73 85.72 94.96 103.1
511 503.1 494.7 481.8 467 449.4 430.5 413.5 397.2 381.7 366.6 355.7 346.5 337.8 329.3 321.2 313.4 306.7 300.5 293.2 285.6 276.8 267.7 259.6 251.7 241.9 231.3 220.9 210.7 196.2 180.3 162.7 144.5 121.3 96.51 74.48 53.4 30.69 7.432 -10.35 -26.36 -38.28 -48.9 -54.59 -58.75 -58.67 -57.3 -53.95 -50.01 -44.27 -38.01 -30.88 -23.52 -16.26 -9.034 -3.459 1.668 6.98 12.34 17.01 21.5 26.2 30.96 35.83 40.74 45.73 50.73 57.24 64.1 71.42 78.85 87.34 96.07 103.9
514.7 505.8 496.8 482.7 466.3 448.4 429.8 412.2 395.1 379.7 365.1 354.1 344.8 335.9 327.2 318.7 310.2 302.9 296.1 288.6 280.9 272.2 263 255.1 247.6 238 227.6 217.3 206.9 192.3 176.1 158.3 139.9 116.7 91.84 70.01 49.21 26.42 2.969 -15.18 -31.61 -43.67 -54.34 -60 -64.11 -63.8 -62.15 -58.79 -54.91 -48.96 -42.4 -35.1 -27.6 -19.87 -12.09 -6.013 -0.4042 5.488 11.46 16.5 21.31 26.49 31.77 36.98 42.17 47.28 52.38 59.25 66.52 73.64 80.73 88.7 96.87 104.4
518.7 508.6 498.3 482.4 463.9 445.1 426.1 408 390.2 375.7 362.5 352.3 343.4 334.6 325.9 316.9 307.9 299.9 292.3 284.5 276.6 268.1 259.2 251.5 244.3 235.4 225.7 215.6 205.3 190.5 174.1 156.4 138.2 114.5 88.93 66.52 45.2 22.27 -1.185 -19.8 -36.84 -49.19 -60.05 -65.56 -69.39 -68.91 -67.12 -63.73 -59.86 -53.76 -47.01 -39.52 -31.83 -23.62 -15.28 -8.604 -2.387 3.899 10.2 15.63 20.83 26.4 32.07 37.54 42.96 48.27 53.54 60.55 67.98 75.06 82.07 89.48 96.98 104
521.7 510.3 498.6 481.3 461.5 441.8 422.3 403.7 385.5 371.7 359.7 350 341.3 332.7 324 314.9 305.5 297 288.9 280.8 272.8 264.3 255.7 248.2 241 232.5 223.5 213.5 203.3 188.4 171.9 154.1 136 111.8 85.61 62.32 40.03 17.13 -5.976 -24.99 -42.67 -55.15 -65.98 -71.2 -74.67 -73.96 -71.97 -68.47 -64.52 -58.19 -51.17 -43.54 -35.74 -26.98 -17.96 -10.78 -4.114 2.452 8.99 14.72 20.24 26.06 31.95 37.67 43.34 48.97 54.59 61.71 69.18 76.13 82.97 89.83 96.7 103.2
522.3 509.5 496 478.4 458.9 438.8 418.3 399.4 381.2 367.7 356.2 346.6 337.7 329.2 320.8 312 303 294.6 286.3 278.1 270 261.5 253 245.2 237.6 229.2 220.4 210.5 200.2 185.5 169.1 151 132.2 107.8 81.33 56.48 32.18 9.672 -12.24 -31.5 -49.91 -62.13 -72.38 -77.04 -79.96 -78.88 -76.58 -72.78 -68.54 -61.79 -54.31 -46.64 -38.91 -29.43 -19.46 -12.01 -5.246 1.335 7.866 13.72 19.39 25.13 30.88 36.79 42.73 49.02 55.39 62.5 69.79 76.38 82.82 89.18 95.53 101.7
522.4 508.1 492.7 474.8 455.9 435.3 414 395.1 377.2 364.1 353.1 343.3 334.1 325.6 317.4 308.7 299.7 291.2 282.9 274.7 266.6 258.2 249.8 241.9 234.3 225.9 217.2 207.3 196.9 182.1 165.7 146.7 126.9 102.2 75.79 49.68 23.66 1.501 -19.38 -38.64 -57.38 -69.3 -79.05 -83.11 -85.41 -83.89 -81.22 -77.09 -72.54 -65.48 -57.69 -49.91 -42.14 -32.15 -21.55 -13.74 -6.696 -0.02902 6.538 12.58 18.48 24.27 30.05 36.13 42.3 49.1 56.06 63.13 70.23 76.5 82.58 88.48 94.33 100.2
521.5 505.2 487.8 469.9 451.8 431 409.1 390.8 374.1 361.6 351 340.7 330.5 321.7 313.7 304.4 294.6 285.9 277.7 269.8 262 253.8 245.4 238 231 222.6 213.7 203.5 192.8 177.7 160.9 140 117.7 92.98 67.4 40.7 13.62 -8.304 -28.51 -47.2 -65.41 -76.92 -86.31 -89.71 -91.24 -89.14 -85.92 -81.4 -76.49 -69.38 -61.64 -53.6 -45.48 -35.49 -24.97 -16.63 -8.87 -1.953 4.742 11.12 17.42 23.6 29.75 35.99 42.24 49.24 56.41 63.36 70.27 76.29 82.11 87.63 93.07 98.6
520.3 502.2 483 465 447.6 426.7 404.3 386.7 371.2 359.3 348.9 338.1 327.1 318.1 309.9 300.1 289.7 280.8 272.6 264.9 257.5 249.5 241.3 234.2 227.6 219.2 210.2 199.8 188.9 173.3 156.1 133.7 109.4 84.06 58.31 31.14 3.483 -18.23 -37.97 -55.95 -73.35 -84.35 -93.32 -96.11 -96.96 -94.26 -90.48 -85.52 -80.21 -73.03 -65.31 -57.06 -48.65 -38.7 -28.32 -19.57 -11.25 -3.981 3.019 9.777 16.47 23 29.49 35.86 42.22 49.33 56.64 63.52 70.32 76.05 81.55 86.86 92.12 97.46
518.2 498.7 478.5 460.3 443.2 422.4 400 383.3 369.2 357.5 346.9 335.7 324.4 314.9 306.1 296 285.3 276.2 267.6 260.3 253.4 245.6 237.5 230.5 224.1 216 207.2 196.6 185.2 169.1 151.3 128.1 102.9 75.67 47.66 20.29 -6.85 -28.43 -48.17 -65.1 -81.13 -91.37 -99.78 -102.1 -102.4 -99.14 -94.72 -89.23 -83.41 -76.11 -68.38 -60 -51.43 -41.63 -31.48 -22.62 -14.11 -6.239 1.458 8.685 15.79 22.59 29.31 35.81 42.25 49.35 56.6 63.52 70.37 75.74 80.77 86.27 91.87 97.27
515.4 494.6 473.3 454.8 437.6 417.1 395.1 379.3 366.4 355 344.2 332.9 321.5 311.6 302.4 292 281.1 271.7 263 255.9 249.4 241.8 233.7 226.9 220.5 212.4 203.7 192.8 181.1 164.7 146.7 123.1 97.61 68.85 38.97 11.43 -15.31 -37.26 -57.61 -73.84 -88.73 -98.38 -106.4 -108.3 -108.4 -104.5 -99.54 -93.54 -87.26 -79.7 -71.77 -63.29 -54.65 -44.88 -34.79 -25.67 -16.82 -8.396 -0.08536 7.552 15.02 21.94 28.72 35.28 41.79 48.9 56.17 63.15 70.08 75.25 80.02 85.72 91.64 97.04
511.2 489.2 466.4 447.2 429.5 409.8 389.1 374.3 362.1 350.8 340 329.1 318.2 308.3 298.9 288.3 277.1 267.7 259.1 251.9 245.3 237.9 230.2 223.3 216.6 208.2 199 187.9 176.1 160 142.5 119.6 94.74 65.44 34.6 6.929 -19.67 -43.08 -65.43 -81.67 -95.92 -105.3 -113.2 -115.2 -115.3 -111.1 -105.6 -99.2 -92.53 -84.4 -75.86 -67.34 -58.82 -48.82 -38.41 -28.72 -19.23 -10.33 -1.589 6.331 14.04 20.76 27.24 33.73 40.23 47.46 54.87 61.98 69.02 74.36 79.33 85.26 91.41 96.73
507.6 484.7 460.8 440.7 422.3 403.2 383.8 369.5 357.5 346.4 335.8 325.3 314.9 305.2 295.9 285.2 273.9 264.5 255.8 248.3 241.5 234.1 226.4 219.3 212.4 203.8 194.5 183.1 170.9 155.1 137.9 115.2 90.5 60.73 29.2 1.2 -25.61 -50.23 -74.11 -90.3 -104 -113 -120.6 -122.5 -122.5 -118.1 -112.3 -105.5 -98.32 -89.46 -80.12 -71.39 -62.85 -52.7 -42.1 -31.85 -21.69 -12.45 -3.453 4.692 12.62 19.33 25.75 32.27 38.82 46.26 53.92 61.14 68.25 73.69 78.75 84.79 91.04 96.37
505.5 482.3 457.9 436.7 417.1 398.3 379.8 365.3 352.4 341.6 331.5 321.5 311.6 302.5 293.8 283.5 272.4 262.7 253.5 245.5 237.9 230.1 222.1 214.7 207.5 199.1 190.2 178.4 165.6 149.5 132.4 108.9 83.31 53.22 21.6 -7.164 -34.96 -60.23 -84.67 -100.7 -113.9 -122.3 -129.2 -130.5 -130.2 -125.8 -120.2 -113 -105.2 -95.29 -84.72 -75.47 -66.61 -56.45 -45.93 -35.15 -24.3 -14.99 -6.095 2.156 10.24 17.36 24.24 31 37.72 45.57 53.69 61 68.11 73.46 78.4 84.27 90.35 95.91
