all_transforms/M.grd
DSAA
926 532
0.0 231250.0
0.0 132750.0
-484.88357543945 1000.5779418945
[rows 462 to 494 of 532, columns 148 to 221 of 926]
-158.4 -157.4 -156.3 -155.3 -154.2 -153.1 -152.1 -151.1 -150.1 -149.2 -148.2 -147.2 -146.2 -145.2 -144.2 -143.2 -142.1 -141.1 -140 -139 -138 -137.1 -136 -135 -133.8 -132.6 -131.6 -130.5 -129.4 -128.3 -127.2 -126 -125 -123.9 -122.6 -121.2 -120 -118.7 -117.2 -115.7 -114.4 -113 -111.5 -109.9 -108.4 -106.8 -105.5 -104.1 -102.3 -100.7 -99.59 -98.39 -96.87 -95.44 -94.4 -93.35 -92.28 -91.16 -89.83 -88.43 -86.77 -85.11 -83.44 -81.84 -80.53 -79.31 -78.4 -77.6 -77.18 -76.8 -76.56 -76.36 -76.35 -76.37
-158.3 -157.3 -156.2 -155.1 -154 -153 -152 -151 -150.1 -149.1 -148.2 -147.2 -146.2 -145.1 -144.1 -143 -141.9 -140.8 -139.7 -138.7 -137.7 -136.7 -135.6 -134.5 -133.4 -132.2 -131.1 -130.1 -128.9 -127.8 -126.7 -125.5 -124.5 -123.4 -122.1 -120.7 -119.3 -117.9 -116.4 -114.8 -113.4 -112 -110.3 -108.7 -107 -105.4 -104.1 -102.6 -100.8 -99.08 -97.95 -96.72 -95.13 -93.62 -92.45 -91.3 -90.2 -89.04 -87.69 -86.27 -84.58 -82.94 -81.41 -79.95 -78.71 -77.57 -76.77 -76.07 -75.76 -75.49 -75.38 -75.31 -75.39 -75.49
-158.1 -157 -156 -154.9 -153.8 -152.7 -151.8 -150.8 -149.9 -149 -148.1 -147.1 -146.1 -145 -143.8 -142.7 -141.6 -140.5 -139.3 -138.2 -137.1 -136.1 -135 -133.9 -132.8 -131.7 -130.6 -129.4 -128.3 -127.2 -126 -124.9 -123.8 -122.8 -121.4 -120 -118.5 -117 -115.5 -113.9 -112.4 -110.8 -109.1 -107.3 -105.6 -103.9 -102.5 -101 -99.09 -97.35 -96.15 -94.88 -93.27 -91.71 -90.39 -89.11 -87.97 -86.78 -85.4 -83.95 -82.29 -80.69 -79.36 -78.08 -76.97 -75.96 -75.26 -74.66 -74.44 -74.27 -74.26 -74.29 -74.45 -74.63
-157.7 -156.6 -155.6 -154.5 -153.4 -152.4 -151.4 -150.5 -149.6 -148.6 -147.8 -146.9 -145.8 -144.7 -143.5 -142.4 -141.2 -140 -138.8 -137.6 -136.4 -135.3 -134.2 -133.1 -132.1 -131 -129.9 -128.8 -127.7 -126.5 -125.3 -124.1 -123 -121.8 -120.5 -119.1 -117.5 -115.9 -114.3 -112.7 -111.1 -109.5 -107.7 -105.9 -104.1 -102.3 -100.8 -99.17 -97.26 -95.46 -94.17 -92.82 -91.19 -89.61 -88.19 -86.83 -85.68 -84.49 -83.13 -81.74 -80.16 -78.67 -77.47 -76.31 -75.33 -74.43 -73.79 -73.26 -73.11 -73.02 -73.12 -73.26 -73.51 -73.8
-157.2 -156.1 -155.1 -154.1 -153 -152 -151 -150.1 -149.2 -148.3 -147.4 -146.5 -145.4 -144.4 -143.2 -142 -140.8 -139.5 -138.2 -136.9 -135.6 -134.4 -133.3 -132.3 -131.3 -130.3 -129.2 -128.1 -127 -125.8 -124.5 -123.3 -122 -120.8 -119.4 -117.9 -116.2 -114.6 -113 -111.3 -109.8 -108.1 -106.2 -104.4 -102.5 -100.7 -99.03 -97.3 -95.35 -93.49 -92.09 -90.64 -89.01 -87.41 -85.92 -84.5 -83.35 -82.17 -80.89 -79.57 -78.13 -76.76 -75.65 -74.6 -73.75 -72.95 -72.35 -71.87 -71.78 -71.76 -71.97 -72.21 -72.58 -72.97
-156.6 -155.6 -154.6 -153.6 -152.5 -151.5 -150.5 -149.5 -148.6 -147.7 -146.8 -145.9 -144.8 -143.8 -142.6 -141.4 -140.1 -138.9 -137.5 -136.2 -134.9 -133.6 -132.6 -131.5 -130.5 -129.5 -128.4 -127.2 -126.1 -124.9 -123.6 -122.4 -121.1 -119.7 -118.2 -116.7 -115 -113.3 -111.6 -109.9 -108.3 -106.6 -104.8 -103 -101.1 -99.23 -97.39 -95.53 -93.58 -91.71 -90.22 -88.67 -86.9 -85.18 -83.67 -82.23 -81.05 -79.85 -78.61 -77.36 -76.07 -74.83 -73.79 -72.81 -72.04 -71.32 -70.77 -70.33 -70.3 -70.35 -70.67 -71.03 -71.55 -72.1
-155.9 -154.9 -153.9 -153 -152 -151 -149.9 -148.9 -147.9 -146.9 -146 -145.1 -144.1 -143.1 -141.8 -140.6 -139.4 -138.2 -136.9 -135.6 -134.2 -132.9 -131.8 -130.8 -129.7 -128.6 -127.4 -126.2 -125.1 -124 -122.7 -121.4 -120 -118.6 -117.1 -115.5 -113.7 -112 -110.2 -108.5 -106.8 -105.1 -103.4 -101.6 -99.69 -97.79 -95.8 -93.81 -91.89 -90.03 -88.46 -86.81 -84.84 -82.95 -81.45 -79.99 -78.76 -77.53 -76.32 -75.13 -73.99 -72.88 -71.9 -70.98 -70.27 -69.61 -69.11 -68.72 -68.74 -68.85 -69.29 -69.78 -70.47 -71.2
-155.1 -154.2 -153.2 -152.2 -151.2 -150.1 -149 -147.9 -146.9 -145.9 -145 -144 -143 -142 -140.8 -139.5 -138.4 -137.2 -135.9 -134.7 -133.4 -132.1 -131 -129.9 -128.8 -127.6 -126.3 -125.1 -124 -122.9 -121.6 -120.3 -119 -117.5 -115.9 -114.2 -112.4 -110.6 -108.8 -107 -105.3 -103.6 -101.9 -100.2 -98.32 -96.39 -94.28 -92.21 -90.25 -88.35 -86.7 -84.96 -82.82 -80.79 -79.24 -77.74 -76.46 -75.19 -73.99 -72.82 -71.78 -70.75 -69.82 -68.95 -68.28 -67.67 -67.25 -66.93 -67.02 -67.2 -67.74 -68.35 -69.18 -70.05
-154.3 -153.3 -152.3 -151.3 -150.3 -149.2 -148 -146.9 -145.8 -144.8 -143.8 -142.9 -141.8 -140.8 -139.5 -138.3 -137.2 -136 -134.9 -133.7 -132.5 -131.2 -130.1 -129 -127.8 -126.5 -125.2 -123.8 -122.8 -121.7 -120.5 -119.2 -117.8 -116.4 -114.6 -112.8 -111 -109.2 -107.4 -105.5 -103.8 -102 -100.5 -98.86 -96.95 -95 -92.81 -90.65 -88.64 -86.68 -84.96 -83.13 -80.83 -78.66 -77.05 -75.49 -74.15 -72.83 -71.64 -70.48 -69.5 -68.54 -67.65 -66.81 -66.18 -65.61 -65.28 -65.06 -65.21 -65.48 -66.12 -66.83 -67.77 -68.77
-153.2 -152.3 -151.3 -150.2 -149.1 -148 -146.8 -145.6 -144.6 -143.5 -142.6 -141.6 -140.6 -139.5 -138.2 -136.9 -135.8 -134.7 -133.6 -132.5 -131.3 -130.2 -129 -127.9 -126.6 -125.2 -123.9 -122.6 -121.4 -120.2 -119 -117.7 -116.3 -114.8 -113 -111.2 -109.4 -107.5 -105.6 -103.8 -102 -100.2 -98.64 -97.01 -95.04 -93.03 -90.77 -88.55 -86.49 -84.49 -82.73 -80.86 -78.58 -76.41 -74.73 -73.12 -71.81 -70.52 -69.33 -68.19 -67.28 -66.38 -65.53 -64.73 -64.11 -63.57 -63.31 -63.15 -63.36 -63.68 -64.38 -65.14 -66.13 -67.19
-152.1 -151.2 -150.1 -149 -147.8 -146.7 -145.5 -144.3 -143.3 -142.3 -141.4 -140.4 -139.3 -138.1 -136.8 -135.5 -134.4 -133.4 -132.2 -131.1 -130.1 -129 -127.9 -126.7 -125.3 -123.9 -122.6 -121.3 -119.9 -118.6 -117.3 -116 -114.5 -113 -111.2 -109.4 -107.6 -105.7 -103.8 -101.9 -100 -98.22 -96.6 -94.9 -92.86 -90.76 -88.45 -86.17 -84.09 -82.05 -80.25 -78.39 -76.2 -74.1 -72.36 -70.71 -69.46 -68.23 -67.04 -65.93 -65.08 -64.24 -63.44 -62.68 -62.07 -61.54 -61.33 -61.22 -61.49 -61.86 -62.58 -63.37 -64.38 -65.46
-150.7 -149.8 -148.6 -147.4 -146.2 -145 -143.9 -142.8 -141.8 -140.8 -139.9 -139 -137.7 -136.5 -135.1 -133.8 -132.7 -131.6 -130.5 -129.3 -128.3 -127.2 -126.1 -124.9 -123.6 -122.2 -121 -119.7 -118.2 -116.8 -115.4 -114.1 -112.6 -111 -109.3 -107.5 -105.7 -103.8 -101.8 -99.9 -97.97 -96.09 -94.4 -92.65 -90.6 -88.49 -86.17 -83.88 -81.76 -79.7 -77.83 -75.91 -73.8 -71.75 -69.99 -68.35 -67.17 -65.99 -64.8 -63.7 -62.92 -62.15 -61.4 -60.68 -60.07 -59.55 -59.33 -59.23 -59.51 -59.89 -60.58 -61.36 -62.39 -63.51
-149.2 -148.2 -147 -145.7 -144.4 -143.2 -142.2 -141.1 -140.2 -139.2 -138.3 -137.3 -136.1 -134.7 -133.3 -132 -130.8 -129.7 -128.5 -127.3 -126.2 -125.1 -124.1 -123 -121.7 -120.4 -119.1 -117.9 -116.4 -114.9 -113.5 -112.1 -110.5 -108.9 -107.2 -105.5 -103.7 -101.8 -99.87 -97.89 -95.86 -93.88 -92.13 -90.33 -88.3 -86.22 -83.9 -81.62 -79.49 -77.38 -75.42 -73.44 -71.38 -69.37 -67.64 -66.03 -64.91 -63.79 -62.58 -61.48 -60.78 -60.08 -59.38 -58.7 -58.1 -57.57 -57.33 -57.2 -57.48 -57.84 -58.49 -59.23 -60.29 -61.44
-147.2 -146 -144.7 -143.3 -142.1 -140.9 -140 -139.1 -138.1 -137.1 -136.1 -135.1 -133.8 -132.5 -131.1 -129.8 -128.6 -127.4 -126.2 -125 -123.9 -122.7 -121.8 -120.7 -119.5 -118.3 -117.1 -115.9 -114.5 -113 -111.7 -110.3 -108.7 -107.1 -105.4 -103.7 -101.9 -100.1 -98.12 -96.11 -94.01 -91.95 -90.13 -88.25 -86.14 -84.01 -81.76 -79.53 -77.38 -75.24 -73.1 -70.99 -68.94 -66.96 -65.24 -63.63 -62.49 -61.36 -60.21 -59.15 -58.44 -57.75 -57.09 -56.44 -55.82 -55.29 -55.07 -54.95 -55.21 -55.54 -56.15 -56.88 -58.04 -59.28
-144.8 -143.6 -142.1 -140.7 -139.5 -138.4 -137.6 -136.8 -135.8 -134.7 -133.7 -132.5 -131.2 -129.9 -128.7 -127.4 -126.2 -125 -123.8 -122.5 -121.4 -120.2 -119.3 -118.4 -117.3 -116.1 -115 -113.9 -112.5 -111.1 -109.8 -108.5 -107 -105.4 -103.7 -101.9 -100.2 -98.45 -96.46 -94.45 -92.28 -90.16 -88.26 -86.3 -84.06 -81.84 -79.67 -77.51 -75.36 -73.17 -70.82 -68.53 -66.5 -64.53 -62.81 -61.19 -60 -58.83 -57.77 -56.77 -56.01 -55.28 -54.67 -54.05 -53.4 -52.85 -52.68 -52.6 -52.83 -53.12 -53.68 -54.41 -55.71 -57.08
-141.9 -140.5 -139 -137.6 -136.5 -135.5 -134.7 -133.9 -133 -132 -130.8 -129.7 -128.4 -127.2 -126 -124.8 -123.6 -122.4 -121.3 -120.1 -118.9 -117.8 -116.9 -116 -115 -114 -112.9 -111.9 -110.6 -109.4 -108.2 -107 -105.4 -103.9 -102.2 -100.4 -98.75 -97.02 -95.01 -92.95 -90.68 -88.44 -86.41 -84.32 -81.91 -79.54 -77.36 -75.18 -73 -70.77 -68.29 -65.91 -63.98 -62.07 -60.31 -58.63 -57.29 -56.01 -54.93 -53.9 -53.03 -52.21 -51.59 -50.98 -50.34 -49.82 -49.72 -49.69 -49.94 -50.24 -50.78 -51.55 -53.07 -54.65
-138.7 -137.2 -135.7 -134.3 -133.3 -132.3 -131.6 -130.8 -129.9 -129 -127.8 -126.6 -125.4 -124.3 -123.2 -122.1 -120.9 -119.7 -118.7 -117.6 -116.5 -115.4 -114.6 -113.7 -112.7 -111.8 -110.8 -109.8 -108.7 -107.6 -106.6 -105.5 -104 -102.5 -100.8 -99.03 -97.39 -95.68 -93.64 -91.54 -89.13 -86.76 -84.58 -82.33 -79.73 -77.19 -74.95 -72.71 -70.49 -68.2 -65.64 -63.22 -61.41 -59.6 -57.78 -56.02 -54.49 -53.04 -51.9 -50.79 -49.79 -48.86 -48.22 -47.59 -47 -46.52 -46.48 -46.52 -46.81 -47.15 -47.69 -48.51 -50.3 -52.11
-134.8 -133.4 -132 -130.7 -129.7 -128.8 -128.1 -127.3 -126.5 -125.7 -124.5 -123.3 -122.2 -121.1 -120.2 -119.2 -118.1 -117 -116 -115.1 -114 -113 -112.2 -111.4 -110.5 -109.6 -108.7 -107.9 -106.9 -105.9 -105 -103.9 -102.5 -101 -99.2 -97.4 -95.66 -93.88 -91.84 -89.73 -87.21 -84.73 -82.38 -79.98 -77.31 -74.7 -72.37 -70.04 -67.75 -65.41 -62.81 -60.36 -58.55 -56.73 -54.82 -52.98 -51.42 -49.9 -48.57 -47.24 -45.97 -44.81 -44.05 -43.35 -42.85 -42.47 -42.5 -42.6 -42.98 -43.41 -44.01 -44.95 -47.06 -49.17
-130.7 -129.3 -128.1 -126.9 -126 -125.1 -124.4 -123.7 -122.9 -122.1 -121 -119.9 -118.9 -117.9 -117.1 -116.3 -115.2 -114.2 -113.3 -112.4 -111.4 -110.5 -109.8 -109.2 -108.3 -107.5 -106.7 -105.9 -105.1 -104.3 -103.4 -102.4 -100.9 -99.44 -97.54 -95.65 -93.77 -91.86 -89.85 -87.74 -85.13 -82.53 -80.01 -77.46 -74.78 -72.15 -69.71 -67.28 -64.92 -62.52 -59.91 -57.43 -55.57 -53.67 -51.66 -49.74 -48.22 -46.68 -45.08 -43.48 -41.89 -40.44 -39.52 -38.72 -38.35 -38.07 -38.17 -38.34 -38.82 -39.35 -40.06 -41.16 -43.61 -46.05
-126.1 -124.8 -123.9 -122.9 -122 -121.2 -120.6 -120 -119.3 -118.5 -117.5 -116.5 -115.6 -114.7 -114.1 -113.4 -112.5 -111.6 -110.7 -109.9 -109 -108.1 -107.5 -106.9 -106 -105.2 -104.4 -103.6 -102.9 -102.2 -101.2 -100.1 -98.55 -96.91 -94.92 -92.91 -90.82 -88.76 -86.88 -84.88 -82.31 -79.75 -77.18 -74.61 -72 -69.4 -66.85 -64.31 -61.76 -59.2 -56.56 -54.06 -52.13 -50.15 -47.94 -45.86 -44.27 -42.65 -40.87 -39.07 -37.19 -35.5 -34.54 -33.73 -33.49 -33.34 -33.48 -33.71 -34.31 -34.94 -35.7 -36.89 -39.57 -42.26
-121.3 -120.2 -119.5 -118.8 -118 -117.3 -116.8 -116.3 -115.7 -115 -114 -113.1 -112.3 -111.6 -111 -110.5 -109.8 -109.1 -108.3 -107.4 -106.6 -105.7 -105.2 -104.6 -103.7 -102.7 -101.9 -101.1 -100.6 -99.91 -98.76 -97.53 -95.77 -93.97 -91.87 -89.73 -87.4 -85.17 -83.46 -81.62 -79.16 -76.69 -74.15 -71.61 -69.1 -66.56 -63.91 -61.23 -58.45 -55.68 -53.02 -50.48 -48.49 -46.42 -43.97 -41.68 -39.99 -38.26 -36.33 -34.36 -32.2 -30.29 -29.34 -28.57 -28.48 -28.45 -28.62 -28.92 -29.63 -30.36 -31.14 -32.4 -35.27 -38.17
-116.4 -115.5 -114.9 -114.3 -113.5 -112.8 -112.5 -112.2 -111.7 -111.1 -110.2 -109.4 -108.8 -108.2 -107.7 -107.2 -106.6 -106 -105.2 -104.4 -103.4 -102.6 -102.1 -101.5 -100.5 -99.5 -98.65 -97.83 -97.21 -96.48 -95.1 -93.65 -91.76 -89.82 -87.66 -85.47 -83.16 -80.97 -79.4 -77.7 -75.31 -72.91 -70.36 -67.82 -65.25 -62.61 -59.66 -56.7 -53.69 -50.75 -48.14 -45.64 -43.7 -41.62 -38.99 -36.54 -34.81 -33.04 -31.05 -28.99 -26.66 -24.63 -23.79 -23.13 -23.16 -23.21 -23.36 -23.66 -24.52 -25.38 -26.23 -27.58 -30.58 -33.66
-111.3 -110.6 -110.2 -109.7 -108.8 -108 -108 -107.9 -107.5 -107.1 -106.3 -105.6 -105.2 -104.7 -104.2 -103.6 -103.2 -102.7 -101.9 -101 -100 -99.12 -98.68 -98.14 -97 -95.9 -95 -94.13 -93.41 -92.55 -90.9 -89.19 -87.19 -85.15 -82.94 -80.73 -78.55 -76.5 -75.06 -73.47 -71.16 -68.8 -66.25 -63.67 -60.98 -58.18 -54.84 -51.52 -48.3 -45.2 -42.66 -40.24 -38.38 -36.35 -33.56 -30.97 -29.24 -27.45 -25.43 -23.32 -20.87 -18.78 -18.09 -17.57 -17.7 -17.82 -17.91 -18.2 -19.22 -20.22 -21.17 -22.61 -25.7 -28.96
-105.5 -105 -104.5 -103.9 -103 -102.2 -102.4 -102.5 -102.1 -101.7 -101 -100.3 -100.1 -99.95 -99.38 -98.83 -98.35 -97.83 -96.92 -96.01 -95.08 -94.21 -93.78 -93.25 -92.07 -90.96 -90.24 -89.51 -88.69 -87.74 -85.9 -84.06 -82.11 -80.14 -78.07 -76.02 -74.12 -72.29 -70.78 -69.1 -66.51 -63.9 -61.19 -58.44 -55.54 -52.51 -48.86 -45.27 -41.97 -38.82 -36.34 -33.97 -32.07 -29.98 -27.06 -24.41 -22.9 -21.29 -19.29 -17.22 -14.93 -12.97 -12.31 -11.83 -12 -12.16 -12.25 -12.6 -13.81 -15.02 -16.23 -17.9 -21.1 -24.51
-99.54 -99.07 -98.38 -97.66 -96.7 -95.88 -96.33 -96.68 -96.19 -95.68 -94.96 -94.34 -94.53 -94.64 -94.07 -93.5 -92.88 -92.23 -91.27 -90.33 -89.47 -88.67 -88.23 -87.7 -86.52 -85.44 -84.99 -84.48 -83.59 -82.54 -80.57 -78.62 -76.8 -74.98 -73.13 -71.33 -69.77 -68.19 -66.53 -64.65 -61.65 -58.65 -55.72 -52.74 -49.6 -46.31 -42.38 -38.56 -35.24 -32.09 -29.66 -27.32 -25.33 -23.14 -20.1 -17.41 -16.23 -14.89 -12.92 -10.94 -8.926 -7.185 -6.511 -6.018 -6.204 -6.378 -6.508 -6.923 -8.35 -9.803 -11.35 -13.29 -16.6 -20.17
-92.59 -92.19 -91.41 -90.61 -89.54 -88.62 -89.09 -89.46 -88.9 -88.31 -87.5 -86.83 -87.26 -87.57 -86.98 -86.38 -85.8 -85.17 -84.07 -83.04 -82.46 -81.91 -81.61 -81.19 -80.04 -79.02 -78.78 -78.44 -77.44 -76.3 -74.26 -72.28 -70.6 -68.95 -67.5 -66.06 -64.71 -63.26 -61.35 -59.16 -55.61 -52.13 -49 -45.83 -42.41 -38.87 -34.77 -30.82 -27.51 -24.41 -22.26 -20.14 -18.11 -15.9 -12.88 -10.25 -9.155 -7.913 -6.052 -4.247 -2.663 -1.268 -0.5974 -0.1462 -0.5149 -0.8726 -1.189 -1.8 -3.463 -5.143 -6.887 -9.002 -12.38 -16.04
-85.25 -84.9 -84.09 -83.23 -82.01 -80.95 -81.35 -81.65 -81.01 -80.35 -79.42 -78.66 -79.28 -79.75 -79.12 -78.5 -78.04 -77.49 -76.22 -75.08 -74.85 -74.64 -74.52 -74.26 -73.17 -72.21 -72.17 -71.97 -70.86 -69.61 -67.54 -65.55 -64.01 -62.56 -61.57 -60.55 -59.34 -57.98 -55.77 -53.23 -49.07 -45.05 -41.76 -38.39 -34.69 -30.91 -26.69 -22.64 -19.34 -16.32 -14.55 -12.73 -10.68 -8.473 -5.56 -3.002 -1.913 -0.6975 1.031 2.628 3.711 4.706 5.364 5.752 5.128 4.516 3.948 3.087 1.183 -0.718 -2.607 -4.844 -8.269 -11.99
-76.59 -76.18 -75.26 -74.3 -72.97 -71.79 -72.09 -72.3 -71.67 -71 -70.06 -69.29 -70.02 -70.61 -69.95 -69.32 -68.92 -68.4 -67.07 -65.89 -65.78 -65.69 -65.72 -65.64 -64.84 -64.15 -64.23 -64.14 -63.01 -61.73 -59.53 -57.45 -56.04 -54.69 -53.72 -52.72 -51.6 -50.3 -48 -45.31 -40.65 -36.19 -32.73 -29.21 -25.44 -21.62 -17.57 -13.71 -10.69 -7.962 -6.527 -5.001 -3.08 -1.017 1.643 4.014 5.183 6.45 8.108 9.546 10.11 10.65 11.08 11.24 10.35 9.466 8.578 7.418 5.286 3.173 1.131 -1.234 -4.701 -8.463
-67.38 -66.86 -65.8 -64.72 -63.29 -62.01 -62.2 -62.31 -61.71 -61.08 -60.15 -59.41 -60.24 -60.91 -60.24 -59.6 -59.22 -58.72 -57.38 -56.19 -56.1 -56.04 -56.21 -56.31 -55.89 -55.56 -55.75 -55.75 -54.63 -53.34 -50.98 -48.77 -47.49 -46.22 -45.06 -43.92 -42.86 -41.61 -39.32 -36.56 -31.45 -26.59 -22.96 -19.31 -15.55 -11.79 -8.023 -4.464 -1.842 0.5057 1.621 2.854 4.596 6.452 8.796 10.93 12.22 13.57 15.18 16.48 16.53 16.59 16.7 16.55 15.4 14.23 13 11.52 9.162 6.841 4.642 2.147 -1.358 -5.149
-57.64 -56.9 -55.63 -54.34 -52.97 -51.73 -51.78 -51.77 -51.18 -50.57 -49.83 -49.28 -50.32 -51.17 -50.52 -49.9 -49.49 -48.99 -47.81 -46.76 -46.62 -46.51 -46.59 -46.65 -46.56 -46.49 -46.61 -46.59 -45.66 -44.5 -42.01 -39.68 -38.27 -36.87 -35.52 -34.21 -33.06 -31.74 -29.52 -26.82 -21.7 -16.85 -13.32 -9.834 -6.546 -3.237 0.169 3.407 5.87 8.087 9.206 10.42 12.04 13.79 16.05 18.12 19.37 20.63 21.92 22.87 22.5 22.14 21.85 21.33 19.99 18.61 17.07 15.31 12.78 10.27 7.807 5.08 1.455 -2.408
-47.69 -46.68 -45.15 -43.65 -42.39 -41.24 -41.15 -41.01 -40.41 -39.82 -39.34 -39.05 -40.33 -41.4 -40.8 -40.21 -39.74 -39.22 -38.28 -37.43 -37.22 -37.04 -36.92 -36.86 -37.06 -37.23 -37.22 -37.11 -36.43 -35.48 -32.87 -30.41 -28.78 -27.16 -25.63 -24.13 -22.82 -21.38 -19.25 -16.67 -11.73 -7.058 -3.739 -0.538 2.088 4.783 7.805 10.72 13.12 15.31 16.56 17.86 19.39 21.07 23.34 25.41 26.57 27.68 28.52 29.04 28.28 27.53 26.8 25.91 24.4 22.82 20.99 18.98 16.3 13.6 10.83 7.831 4.052 0.09843
-37.38 -36.31 -34.79 -33.31 -32.15 -31.07 -30.75 -30.42 -29.93 -29.46 -29.19 -29.08 -30.31 -31.35 -30.79 -30.24 -29.71 -29.16 -28.46 -27.83 -27.72 -27.59 -27.3 -27.09 -27.4 -27.66 -27.53 -27.38 -27.03 -26.38 -23.88 -21.51 -19.86 -18.21 -16.49 -14.8 -13.26 -11.64 -9.621 -7.199 -2.721 1.505 4.476 7.312 9.491 11.77 14.49 17.2 19.8 22.17 23.56 24.95 26.4 27.98 30.13 32.06 33.05 33.91 34.26 34.34 33.34 32.33 31.24 30.02 28.33 26.57 24.54 22.33 19.54 16.7 13.69 10.49 6.624 2.601
-26.92 -25.86 -24.48 -23.13 -22.06 -21.03 -20.45 -19.9 -19.57 -19.26 -19.18 -19.22 -20.28 -21.18 -20.68 -20.17 -19.56 -18.98 -18.52 -18.13 -18.18 -18.16 -17.7 -17.34 -17.69 -17.96 -17.73 -17.54 -17.56 -17.25 -14.95 -12.75 -11.18 -9.56 -7.657 -5.771 -3.976 -2.162 -0.2408 2.002 5.899 9.574 12.14 14.58 16.4 18.33 20.8 23.35 26.25 28.9 30.41 31.9 33.27 34.75 36.72 38.46 39.24 39.82 39.66 39.29 38.11 36.89 35.46 33.95 32.08 30.14 27.93 25.56 22.67 19.7 16.48 13.11 9.188 5.102
