all_transforms/M.grd
DSAA
926 532
0.0 231250.0
0.0 132750.0
-484.88357543945 1000.5779418945
[rows 132 to 164 of 532, columns 666 to 739 of 926]
41.65 45.66 49.7 53.91 58.06 61.76 65.36 68.33 71.19 73.34 75.46 77.38 79.24 80.74 82.14 82.99 83.84 84.71 85.53 86.12 86.66 86.89 87.04 86.81 86.53 86.03 85.36 83.9 82.47 81.14 79.84 78.67 77.47 76.11 74.51 71.94 69.26 66.09 63.05 60.56 58.03 55.32 52.75 50.67 48.48 45.86 43.09 39.82 36.44 32.7 29.05 25.73 22.41 19.06 15.9 13.4 11.05 9.25 7.525 6.049 4.577 3.117 1.737 0.599 -0.4281 -1.125 -1.626 -1.556 -1.368 -0.8405 -0.3226 0.1681 0.749 1.578
48.2 52.34 56.48 60.61 64.64 68.01 71.29 74.06 76.74 78.95 81.13 83.06 84.95 86.58 88.11 89.02 89.92 90.73 91.51 92.09 92.63 92.98 93.27 93.25 93.19 92.91 92.42 90.88 89.37 87.93 86.55 85.43 84.32 83.21 81.85 79.4 76.86 73.97 71.27 69.39 67.34 64.65 62 59.52 57.02 54.41 51.69 48.6 45.4 41.77 38.18 34.74 31.22 27.45 23.87 20.9 18.19 16.29 14.46 12.84 11.17 9.333 7.605 6.199 4.918 4.013 3.289 3.095 3.041 3.389 3.781 4.293 4.807 5.326
54.84 59 63.11 66.95 70.71 73.92 77.07 79.84 82.53 84.75 86.93 88.8 90.62 92.04 93.4 94.36 95.31 96.15 96.97 97.68 98.33 98.74 99.12 99.33 99.45 99.17 98.71 97.44 96.17 94.88 93.62 92.51 91.4 90.33 89.05 86.89 84.63 81.94 79.4 77.42 75.31 72.71 70.14 67.65 65.15 62.57 59.9 56.91 53.76 50.02 46.35 42.88 39.35 35.61 32 28.81 25.9 23.9 21.98 20.32 18.57 16.53 14.53 12.69 11 9.789 8.762 8.277 7.948 8.067 8.218 8.455 8.675 8.844
61.48 65.65 69.74 73.29 76.77 79.83 82.85 85.62 88.31 90.55 92.73 94.55 96.29 97.5 98.68 99.7 100.7 101.6 102.4 103.3 104 104.5 105 105.4 105.7 105.4 105 104 103 101.8 100.7 99.58 98.48 97.44 96.24 94.38 92.39 89.92 87.53 85.45 83.28 80.77 78.26 75.78 73.28 70.72 68.1 65.22 62.13 58.27 54.5 51.02 47.48 43.77 40.13 36.72 33.62 31.51 29.5 27.81 25.99 23.73 21.46 19.18 17.09 15.57 14.24 13.46 12.86 12.75 12.66 12.62 12.54 12.36
67.62 71.77 75.85 79.47 82.99 85.94 88.83 91.35 93.82 95.95 98.02 99.75 101.4 102.8 104.2 105.3 106.4 107.4 108.3 109.1 109.8 110.3 110.8 111.3 111.7 111.5 111.3 110.5 109.6 108.6 107.5 106.4 105.4 104.4 103.3 101.6 99.85 97.76 95.74 93.97 92.07 89.62 87.17 84.71 82.2 79.56 76.8 73.66 70.35 66.39 62.54 59.03 55.51 51.94 48.42 45.09 42.05 39.98 37.96 36.12 34.07 31.38 28.75 26.3 24.01 22.23 20.58 19.3 18.21 17.62 17.09 16.74 16.35 15.9
73.77 77.89 81.96 85.64 89.22 92.05 94.8 97.09 99.33 101.3 103.3 104.9 106.6 108.2 109.7 111 112.2 113.2 114.2 114.9 115.6 116.1 116.6 117.1 117.6 117.6 117.5 117 116.3 115.3 114.3 113.3 112.2 111.4 110.4 108.9 107.3 105.6 103.9 102.5 100.9 98.48 96.08 93.64 91.13 88.39 85.51 82.11 78.57 74.51 70.58 67.06 63.55 60.11 56.71 53.45 50.48 48.45 46.42 44.43 42.16 39.04 36.04 33.42 30.93 28.89 26.92 25.14 23.55 22.49 21.53 20.86 20.17 19.43
80.57 84.46 88.28 91.61 94.86 97.56 100.2 102.6 104.9 106.8 108.8 110.4 112 113.6 115.2 116.6 118 119.1 120.2 121 121.7 122.1 122.6 123.2 123.7 123.7 123.7 123.2 122.7 121.8 120.9 120 119.1 118.3 117.2 115.6 114 112.3 110.7 109.3 107.8 105.6 103.3 101 98.69 96.24 93.58 90.15 86.62 82.74 78.98 75.67 72.32 68.85 65.42 62.12 59.05 56.72 54.41 52.14 49.64 46.39 43.22 40.32 37.55 35.15 32.86 30.87 29.05 27.7 26.47 25.59 24.69 23.74
87.38 91.03 94.59 97.58 100.5 103.1 105.6 108 110.4 112.3 114.3 115.8 117.4 119.1 120.7 122.3 123.8 125 126.2 127 127.7 128.2 128.7 129.3 129.7 129.8 129.8 129.5 129.1 128.3 127.5 126.8 126 125.1 124.1 122.3 120.6 119 117.5 116.2 114.7 112.6 110.6 108.4 106.3 104.1 101.6 98.18 94.67 90.96 87.39 84.28 81.08 77.58 74.13 70.79 67.62 64.99 62.39 59.86 57.12 53.74 50.41 47.24 44.17 41.41 38.8 36.6 34.55 32.91 31.41 30.33 29.22 28.05
93.92 97.15 100.3 103.2 106 108.5 111.1 113.3 115.5 117.4 119.2 120.8 122.5 124.1 125.8 127.5 129.1 130.5 131.7 132.6 133.5 134.1 134.7 135.3 135.8 135.7 135.6 135.3 135 134.3 133.6 132.7 131.8 130.9 129.8 128.2 126.6 125.2 123.9 122.7 121.5 119.7 118 116.2 114.3 112.3 109.9 106.5 103 99.19 95.53 92.48 89.36 85.94 82.54 79.2 75.96 73.07 70.27 67.73 65.02 61.82 58.55 55.11 51.72 48.5 45.47 43.03 40.73 38.89 37.17 35.8 34.39 32.9
100.5 103.3 106.1 108.7 111.4 114 116.5 118.6 120.6 122.4 124.2 125.9 127.6 129.2 130.9 132.7 134.4 135.9 137.3 138.2 139.2 139.9 140.7 141.3 141.8 141.7 141.5 141.2 140.9 140.3 139.6 138.6 137.6 136.6 135.5 134.1 132.7 131.4 130.2 129.3 128.3 126.8 125.3 123.9 122.4 120.4 118.2 114.8 111.4 107.4 103.7 100.7 97.64 94.29 90.95 87.6 84.3 81.16 78.15 75.6 72.93 69.89 66.69 62.98 59.28 55.59 52.15 49.45 46.92 44.87 42.92 41.26 39.55 37.74
106.2 108.8 111.4 113.9 116.3 118.8 121.2 123.3 125.4 127.2 129.1 130.9 132.7 134.5 136.3 138.1 139.8 141.3 142.6 143.5 144.5 145.3 146.1 146.6 147.1 147 146.9 146.6 146.3 145.7 145.1 144.3 143.5 142.6 141.7 140.3 138.9 137.7 136.6 136 135.2 134 132.8 131.4 129.9 127.7 125.4 122.3 119 115.3 111.8 109 106.1 102.7 99.21 95.78 92.38 89.14 86.02 83.3 80.52 77.54 74.37 70.61 66.81 62.91 59.23 56.17 53.29 50.92 48.65 46.64 44.6 42.5
111.9 114.4 116.8 119 121.2 123.5 125.8 128 130.2 132.1 134 136 137.9 139.8 141.7 143.5 145.2 146.6 148 148.9 149.8 150.6 151.5 151.9 152.3 152.3 152.3 152 151.7 151.1 150.6 150 149.4 148.7 147.8 146.5 145.1 144 143.1 142.6 142.1 141.2 140.2 138.9 137.3 135 132.6 129.7 126.7 123.2 119.9 117.4 114.6 111 107.5 104 100.5 97.13 93.9 91.02 88.13 85.21 82.07 78.25 74.35 70.25 66.32 62.9 59.66 56.97 54.37 52.01 49.64 47.25
117.2 119.6 121.9 124 126.2 128.4 130.7 132.8 135 137 139 141 143 144.9 146.8 148.7 150.5 151.8 153.1 154 154.9 155.8 156.7 157.2 157.6 157.8 157.9 157.9 157.8 157.5 157.2 156.6 155.9 155.3 154.6 153.2 151.9 150.7 149.7 149.4 149 148.3 147.4 146.1 144.7 142.3 140 137.4 134.6 131.4 128.3 125.6 122.8 119.6 116.3 113 109.6 106 102.6 99.59 96.64 93.86 90.81 86.92 82.9 78.5 74.22 70.26 66.48 63.22 60.06 57.21 54.39 51.64
122.4 124.7 127 129.1 131.1 133.3 135.5 137.7 139.8 141.9 143.9 146 148 150 152 153.9 155.7 157 158.2 159.1 160 161 161.9 162.4 163 163.3 163.6 163.8 164 164 163.8 163.1 162.5 162 161.3 159.9 158.6 157.4 156.4 156.2 156 155.4 154.7 153.4 152 149.6 147.3 145 142.6 139.6 136.6 133.9 131 128.1 125.1 122 118.7 114.9 111.3 108.1 105.1 102.5 99.51 95.55 91.42 86.73 82.1 77.61 73.3 69.47 65.77 62.42 59.14 56.05
127.3 129.7 132 134.1 136.2 138.3 140.5 142.7 144.9 147 149.1 151.1 153.2 155.1 157 158.9 160.7 162 163.3 164.3 165.4 166.4 167.3 168.1 168.8 169.5 170.2 170.6 170.9 171.2 171.3 170.7 170.2 169.6 168.8 167.5 166.2 164.9 163.9 163.7 163.6 163.2 162.6 161.2 159.7 157.3 155 152.9 150.7 147.8 145 142 139.1 136.1 133 129.9 126.7 122.8 119.1 115.7 112.4 109.5 106.3 102.3 98.19 93.52 88.87 84.28 79.85 75.86 71.96 68.28 64.67 61.27
132.2 134.6 137 139.1 141.2 143.3 145.5 147.8 150 152.1 154.2 156.2 158.3 160.2 162.1 163.9 165.6 167 168.3 169.5 170.7 171.8 172.8 173.7 174.6 175.8 176.8 177.3 177.8 178.4 178.8 178.4 177.9 177.2 176.4 175.1 173.8 172.4 171.3 171.3 171.2 171 170.5 169.1 167.4 164.9 162.6 160.8 158.8 156.1 153.3 150.2 147.2 144 140.9 137.8 134.6 130.7 126.9 123.2 119.7 116.5 113.1 109.1 105 100.3 95.64 90.95 86.4 82.25 78.14 74.13 70.21 66.51
137.6 140 142.4 144.5 146.6 148.7 150.9 153 155.1 157.1 159.1 161.2 163.2 165.1 167 168.8 170.5 171.9 173.3 174.6 175.9 177.1 178.3 179.4 180.4 181.8 183.1 184.2 185.3 186.1 186.8 186.6 186.3 185.5 184.7 183.3 181.9 180.5 179.3 179 178.7 178.5 177.9 176.5 175 172.8 170.7 168.7 166.6 164.1 161.5 158.3 155.1 151.9 148.7 145.6 142.3 138.3 134.4 130.5 126.7 123.3 119.7 115.6 111.4 106.8 102.2 97.56 92.95 88.59 84.28 80.11 76 72.08
142.9 145.4 147.8 149.9 152 154.1 156.2 158.2 160.2 162.1 164.1 166.1 168.1 170 171.8 173.6 175.4 176.9 178.3 179.7 181.1 182.5 183.9 185 186.3 187.8 189.4 191.1 192.6 193.9 194.8 194.8 194.6 193.8 192.9 191.5 190.1 188.5 187.2 186.7 186.3 185.9 185.4 184 182.6 180.7 178.8 176.5 174.3 172.2 169.7 166.4 163 159.7 156.4 153.3 150 146 141.9 137.7 133.7 130 126.2 122 117.8 113.3 108.8 104.2 99.52 94.94 90.43 86.1 81.82 77.69
148.1 150.5 152.8 154.9 157 159.1 161.1 163.1 165 166.9 168.9 170.9 172.8 174.6 176.3 178.1 179.8 181.4 183 184.5 186.1 187.5 189 190.3 191.8 193.6 195.3 196.9 198.5 199.7 200.7 200.9 200.9 200.4 199.8 198.9 197.9 196.7 195.6 195.2 194.9 194.4 193.7 192.2 190.7 188.9 187 184.7 182.4 180.1 177.4 173.8 170.3 166.8 163.4 160.3 157 153 149 144.8 140.8 136.9 133 128.8 124.5 120.1 115.5 110.8 106.2 101.8 97.43 92.97 88.53 84.13
153.4 155.7 157.9 159.9 162 164 166.1 167.9 169.8 171.8 173.7 175.6 177.5 179.1 180.8 182.5 184.3 186 187.7 189.4 191 192.5 194.1 195.7 197.3 199.3 201.2 202.8 204.4 205.5 206.6 206.9 207.1 206.9 206.6 206.2 205.7 204.8 204 203.7 203.4 202.8 202 200.4 198.8 197.1 195.3 192.9 190.5 187.9 185.1 181.3 177.5 173.9 170.4 167.3 163.9 160 156.1 151.9 147.8 143.8 139.8 135.6 131.3 126.8 122.2 117.5 112.9 108.7 104.4 99.83 95.23 90.57
158.5 160.7 162.9 164.9 166.8 168.7 170.6 172.4 174.3 176.3 178.3 180.2 182.1 183.7 185.4 187.1 188.9 190.7 192.5 194.2 195.9 197.6 199.3 201 202.7 204.7 206.5 208.1 209.6 210.6 211.5 212 212.4 212.3 212.3 212.3 212.2 211.8 211.5 211.4 211.1 210.5 209.7 208.1 206.5 204.9 203.1 200.7 198.2 195.4 192.4 188.6 184.8 180.9 177.1 173.5 169.7 165.7 161.7 157.7 153.7 149.9 146 141.9 137.9 133.7 129.4 124.8 120.2 115.6 111 106.3 101.5 96.82
163.6 165.7 167.9 169.8 171.7 173.4 175.2 176.9 178.7 180.8 182.8 184.7 186.6 188.3 190 191.7 193.5 195.4 197.3 199.1 200.9 202.7 204.5 206.3 208.1 210.1 211.9 213.4 214.8 215.7 216.5 217.1 217.7 217.8 218 218.4 218.8 218.9 219 219 218.9 218.2 217.4 215.8 214.3 212.7 210.9 208.4 205.8 202.9 199.7 195.9 192 187.9 183.8 179.7 175.5 171.4 167.4 163.5 159.7 156 152.3 148.3 144.4 140.6 136.6 132.1 127.5 122.6 117.6 112.7 107.8 103.1
168.4 170.6 172.7 174.6 176.4 178.1 179.9 181.5 183.3 185.4 187.4 189.4 191.3 193 194.7 196.5 198.3 200.2 202.2 204.1 206.1 208 210 211.8 213.8 215.8 217.7 219.2 220.5 221.3 222.1 222.8 223.4 223.9 224.4 225.2 226 226.5 226.9 227 226.8 226 225.1 223.6 222 220 217.9 215.3 212.5 209.5 206.3 202.5 198.7 194.5 190.4 186.1 181.8 177.6 173.4 169.6 165.8 162.2 158.5 154.8 151 147.1 143 138.6 134.1 129.3 124.4 119.4 114.3 109.4
173.3 175.4 177.5 179.3 181.2 182.9 184.5 186.1 187.8 190 192.1 194 195.9 197.6 199.4 201.3 203.1 205.1 207.1 209.2 211.3 213.4 215.4 217.4 219.4 221.6 223.6 225 226.2 227 227.7 228.5 229.2 230 230.8 232 233.2 234 234.7 234.8 234.7 233.8 232.7 231.3 229.7 227.3 224.9 222.1 219.2 216.1 212.9 209.1 205.3 201.2 196.9 192.5 188 183.7 179.4 175.6 171.8 168.3 164.8 161.2 157.5 153.5 149.5 145.1 140.7 136.1 131.3 126.1 120.9 115.7
178.6 180.6 182.6 184.4 186.2 187.8 189.3 190.9 192.5 194.4 196.4 198.3 200.2 202.1 203.9 206 208 210.1 212.2 214.3 216.5 218.6 220.8 222.9 225.1 227.3 229.4 230.9 232.4 233.4 234.5 235.6 236.8 237.5 238.3 239.2 240 240.8 241.3 241.4 241.3 240.5 239.5 237.9 236.2 233.7 231.1 228.2 225.2 222 218.7 215.1 211.4 207.4 203.3 198.7 194.1 189.5 185.1 181.2 177.4 173.8 170.3 166.8 163.3 159.5 155.7 151.5 147.3 142.9 138.2 133.1 127.8 122.6
183.9 185.8 187.8 189.5 191.2 192.6 194.1 195.6 197.1 198.9 200.7 202.6 204.5 206.5 208.5 210.6 212.8 215.1 217.3 219.5 221.6 223.8 226.1 228.5 230.8 233.1 235.2 236.9 238.5 239.8 241.2 242.8 244.2 245 245.8 246.3 246.9 247.5 248 248 247.9 247.1 246.1 244.5 242.7 240 237.2 234.3 231.3 228 224.6 221.1 217.5 213.7 209.7 204.9 200.1 195.4 190.8 186.8 182.9 179.4 175.9 172.5 169 165.5 161.8 157.9 153.9 149.6 145.1 140 134.8 129.4
189.3 191 192.8 194.4 196 197.4 198.7 200.1 201.6 203.3 205.1 206.9 208.7 210.6 212.6 214.7 216.8 219.2 221.5 223.8 226.2 228.5 230.9 233.3 235.7 238.1 240.5 242.4 244.2 245.7 247.2 248.8 250.3 251.2 252.1 252.6 253.2 253.8 254.2 254.1 253.9 253 251.9 250.3 248.5 245.9 243.2 240.2 237.2 233.8 230.4 227 223.5 219.6 215.6 211 206.4 201.6 197 192.9 188.8 185 181.3 177.7 174.1 170.6 167 163.2 159.3 155.2 150.9 146.1 141.2 135.9
194.6 196.2 197.8 199.3 200.9 202.1 203.4 204.7 206.1 207.7 209.4 211.1 212.9 214.7 216.6 218.7 220.8 223.2 225.6 228.1 230.7 233.2 235.6 238.1 240.6 243.2 245.6 247.8 249.8 251.5 253.2 254.8 256.3 257.4 258.3 258.9 259.4 260 260.4 260.2 259.8 258.8 257.7 256.1 254.3 251.8 249.2 246.2 243.1 239.7 236.3 232.9 229.4 225.5 221.5 217.1 212.6 207.9 203.2 198.9 194.7 190.6 186.6 182.9 179.2 175.7 172.1 168.4 164.6 160.7 156.7 152.2 147.5 142.4
199.9 201.4 202.9 204.4 205.8 207 208.1 209.3 210.5 211.9 213.4 214.9 216.6 218.3 220 222 224.1 226.4 228.8 231.5 234.1 236.7 239.4 242 244.7 247.5 250.2 252.5 254.7 256.6 258.4 260.1 261.7 262.7 263.6 264.1 264.5 265 265.3 265.1 264.7 263.8 262.7 261.2 259.5 257.2 254.8 252 249.1 245.7 242.2 238.7 235 231 226.8 222.5 218.2 213.4 208.8 204.5 200.2 196 191.8 187.9 184 180.3 176.6 172.8 169.1 165.2 161.3 157.1 152.8 148.1
205.1 206.6 208.1 209.3 210.6 211.8 212.9 213.9 214.9 216.1 217.3 218.7 220.2 221.8 223.4 225.3 227.3 229.6 232 234.7 237.5 240.3 243 245.8 248.7 251.7 254.7 257.1 259.5 261.6 263.5 265.3 266.9 267.9 268.8 269.2 269.6 269.9 270.1 269.9 269.6 268.8 267.8 266.3 264.7 262.6 260.3 257.9 255.2 251.6 248 244.3 240.5 236.4 232.2 228 223.7 219 214.4 210 205.7 201.3 197 192.9 188.8 185 181.2 177.3 173.5 169.7 166 162 158 153.8
210.1 211.4 212.6 213.6 214.5 215.4 216.2 217.1 218 219.1 220.2 221.6 223 224.6 226.2 228 229.9 232.2 234.5 237.2 239.9 242.8 245.8 248.8 251.9 255 258.1 260.8 263.3 265.5 267.6 269.3 270.8 271.8 272.8 273.3 273.8 274.2 274.5 274.4 274.1 273.2 272.3 270.9 269.4 267.4 265.2 262.7 260 256.4 252.8 249.1 245.3 241.2 237.2 233.3 229.2 224.6 220.1 215.6 211.2 206.8 202.4 198.2 194 189.9 185.9 181.8 177.8 173.9 170 166.1 162.2 158.3
215.1 216.2 217.1 217.8 218.5 219 219.6 220.3 221 222.1 223.1 224.5 225.8 227.4 229 230.7 232.6 234.7 236.9 239.6 242.3 245.4 248.4 251.7 255 258.3 261.6 264.4 267.1 269.4 271.5 273.2 274.7 275.8 276.7 277.3 277.9 278.5 278.9 278.8 278.5 277.7 276.7 275.5 274.1 272.2 270.1 267.6 264.8 261.3 257.7 253.8 250 246.1 242.2 238.6 234.7 230.2 225.7 221.2 216.6 212.2 207.8 203.5 199.1 194.8 190.6 186.3 182.1 178 174.1 170.2 166.4 162.7
220.4 221.2 221.9 222.3 222.6 222.8 222.9 223.3 223.8 224.6 225.4 226.6 227.9 229.5 231.1 232.8 234.6 236.6 238.7 241.3 244 247.2 250.5 254 257.5 261.1 264.6 267.5 270.3 272.5 274.6 276.2 277.7 278.8 279.8 280.5 281.3 281.9 282.4 282.4 282.2 281.5 280.7 279.6 278.3 276.4 274.4 271.9 269.1 265.6 262.1 258.2 254.4 250.6 246.8 243.2 239.4 235.2 230.8 226.2 221.6 217.2 212.7 208.3 203.8 199.4 195 190.6 186.3 182 177.9 173.9 170.1 166.4
