all_transforms/M.grd
DSAA
926 532
0.0 231250.0
0.0 132750.0
-484.88357543945 1000.5779418945
[rows 165 to 197 of 532, columns 74 to 147 of 926]
61.65 66.91 72.72 78.57 85.17 91.82 98.55 105.3 113.1 120.9 128.4 135.9 142.7 149.5 156 162.5 167.9 173.3 177.9 182.4 186.5 190.6 194.3 197.9 200.6 203.3 204.8 206.3 206.4 206.5 204.5 202.6 200.6 198.6 196.3 193.9 191 188.1 184.9 181.8 176 170.2 164 157.7 149.9 142.1 136 130 124.4 118.9 113.1 107.3 101.3 95.3 88.63 81.97 75.4 68.86 62.81 56.85 52.43 48.12 45.46 42.87 41.13 39.3 36.02 32.83 30.61 28.41 26.43 24.55 23.81 23.16
65.45 70.77 76.8 82.89 89.78 96.71 104 111.4 119.8 128.3 135.7 143 150 157 163.3 169.6 175.3 180.9 185.4 189.9 193.6 197.4 200.7 204.1 206.7 209.4 211.3 213.3 214.1 214.8 213.8 212.8 211.1 209.4 207.5 205.5 202.5 199.5 196.5 193.5 188.3 183 176.4 169.8 161.9 154 147.7 141.4 136.1 130.9 125.1 119.3 113.5 107.5 100.9 94.24 87.59 80.96 74.63 68.39 63.93 59.59 57.26 54.96 52.99 50.93 47.42 43.99 41.49 38.99 36.44 34.02 33.17 32.44
69.19 74.57 80.84 87.17 94.36 101.6 109.5 117.4 126.5 135.6 143 150.2 157.3 164.5 170.7 176.8 182.6 188.4 192.9 197.4 200.7 204.1 207.1 210.2 212.8 215.4 217.9 220.3 221.7 223.1 222.9 222.8 221.5 220.3 218.6 217 213.9 210.8 208 205.2 200.5 195.8 188.8 181.8 173.9 166 159.4 152.9 147.9 143 137.2 131.5 125.7 119.8 113.2 106.5 99.77 93.01 86.4 79.9 75.42 71.08 69.08 67.06 64.84 62.52 58.78 55.1 52.35 49.58 46.5 43.59 42.61 41.76
71.97 77.61 84.2 90.86 98.62 106.4 115.1 123.7 133 142.4 150 157.5 164.4 171.2 177.5 183.8 189.4 194.9 199.4 203.8 206.9 210 212.9 215.7 218.5 221.3 223.9 226.6 228.4 230.1 230.8 231.5 231 230.4 229.1 227.7 225 222.2 219.6 217 212.3 207.7 200.8 193.9 186.4 178.9 172.2 165.6 161.1 156.6 150.9 145.1 139.1 133 126 119.1 111.7 104.3 97.51 90.91 86.87 82.96 81.24 79.45 76.5 73.48 69.48 65.57 62.86 60.15 57.33 54.61 53.09 51.71
74.75 80.67 87.58 94.56 102.9 111.3 120.6 129.9 139.4 149 156.9 164.7 171.3 177.9 184.3 190.7 196 201.4 205.8 210.1 213 215.9 218.6 221.3 224.2 227.1 230 232.9 235 237.1 238.7 240.2 240.3 240.5 239.4 238.4 235.9 233.5 231.1 228.7 224.1 219.5 212.7 205.8 198.8 191.8 185.1 178.4 174.3 170.1 164.4 158.7 152.3 146 138.8 131.6 123.6 115.7 108.8 102 98.41 94.91 93.45 91.85 88.19 84.5 80.24 76.08 73.38 70.67 68.06 65.49 63.47 61.6
77.54 84 91.22 98.49 107 115.6 124.9 134.2 143.7 153.2 161.5 169.8 176.7 183.5 189.8 196.1 201.3 206.4 210.6 214.8 217.7 220.6 223.6 226.6 229.7 232.8 235.7 238.7 241.1 243.5 245.5 247.4 248 248.7 248.3 247.8 245.8 243.7 241.3 238.8 234.4 229.8 223.4 217 210.4 203.8 197.5 191.3 186.9 182.5 176.4 170.2 163.4 156.6 150 143.4 136.2 129 121.8 114.8 111.3 107.9 106.2 104.4 100.4 96.33 91.82 87.38 83.89 80.43 77.26 74.19 72.37 70.69
80.32 87.3 94.83 102.4 111.2 120 129.3 138.6 148 157.3 166.1 174.9 181.9 188.9 195.2 201.4 206.4 211.4 215.4 219.4 222.4 225.4 228.7 232 235.2 238.4 241.5 244.5 247.2 249.8 252.1 254.5 255.6 256.7 256.9 257.1 255.5 253.9 251.5 249 244.7 240.3 234.3 228.3 222.2 216 210 204.1 199.5 194.9 188.4 181.9 174.6 167.4 161.3 155.2 148.7 142.3 134.8 127.5 124.1 120.8 118.9 116.9 112.5 108.2 103.4 98.63 94.38 90.18 86.5 82.98 81.33 79.83
82.84 90.27 98.17 106.1 115.1 124.1 133.5 142.9 152 161.1 169.7 178.3 185.7 192.9 199.1 205.2 210.3 215.4 219.3 223.2 226.8 230.3 233.9 237.5 240.6 243.8 246.7 249.7 252.4 255.1 257.2 259.4 260.9 262.3 263.1 264 263.2 262.4 260.9 259.4 255.7 251.9 246.5 241 235.3 229.5 223.2 216.8 211.7 206.6 200.6 194.5 187.7 180.8 174.2 167.7 160.8 153.9 146.9 140.1 136.6 133.2 131.1 128.9 124.4 119.9 114.6 109.3 104.5 99.87 96.27 92.82 91.07 89.44
85.31 93.19 101.5 109.8 119 128.2 137.7 147.2 156.1 165 173.4 181.8 189.4 197 203 209 214.2 219.5 223.3 227.2 231.2 235.3 239.1 242.9 246 249 251.9 254.8 257.5 260.2 262.3 264.4 266.1 267.9 269.3 270.7 270.8 270.9 270.3 269.5 266.5 263.4 258.5 253.6 248.3 242.9 236.2 229.5 223.9 218.3 212.7 207.1 200.6 194.1 187.1 180.1 172.8 165.6 159 152.6 149 145.5 143.1 140.6 136.1 131.4 125.6 119.8 114.6 109.5 106 102.6 100.8 99.06
87.17 95.41 104.3 113.3 122.9 132.6 142.5 152.4 161.6 170.7 178.7 186.7 194.4 202 207.8 213.6 218.9 224.2 228.3 232.3 236.3 240.3 243.9 247.6 250.6 253.6 256.4 259.2 261.9 264.6 266.9 269.2 271.2 273.2 274.9 276.6 277.3 277.9 277.8 277.5 275.1 272.7 268.4 264 258.9 253.8 247.6 241.4 236 230.6 225.1 219.5 212.5 205.6 198.8 192 184.9 177.9 170.8 163.9 159.9 155.9 152.8 149.6 144.8 139.9 134.1 128.4 123.4 118.6 115.1 111.9 110.3 108.8
89.06 97.67 107.2 116.8 126.9 137.1 147.4 157.6 167 176.4 184.1 191.7 199.4 207 212.8 218.4 223.8 229.2 233.4 237.6 241.5 245.3 248.8 252.4 255.3 258.2 260.8 263.4 266.2 268.9 271.5 274 276.2 278.5 280.5 282.4 283.7 284.9 285.2 285.4 283.6 281.8 278 274.2 269.4 264.5 258.8 253.1 247.9 242.7 237.2 231.6 224.3 217 210.3 203.7 196.9 190 182.5 175.1 170.6 166.1 162.4 158.6 153.5 148.4 142.7 137.2 132.4 127.7 124.4 121.2 119.8 118.5
91.35 100.3 110.5 120.7 131.4 142.2 152.6 163 172.4 181.8 189.6 197.4 205.1 212.9 219.2 225.4 230.8 236.2 240.2 244.1 247.7 251.2 254.2 257.1 259.7 262.2 264.5 266.8 269.5 272.2 275 277.8 280.4 282.9 285.5 288 289.7 291.4 291.8 292.1 290.3 288.5 285 281.5 277 272.4 267 261.6 256.6 251.6 246.3 240.8 234.2 227.5 220.8 214 206.8 199.6 192.3 185.1 180.1 175.1 171 166.8 162.1 157.4 152.3 147.3 142.6 138 134.6 131.3 129.7 128.2
93.67 103 113.8 124.6 135.9 147.2 157.7 168.1 177.6 186.9 194.9 202.9 210.8 218.7 225.6 232.4 237.8 243.1 246.9 250.5 253.8 257.1 259.6 262 264.2 266.3 268.2 270.1 272.8 275.4 278.4 281.4 284.3 287.3 290.4 293.4 295.6 297.7 298.2 298.6 296.9 295.1 292 288.8 284.5 280.2 275.2 270.2 265.4 260.6 255.4 250.1 244 238 231.1 224.3 216.8 209.4 202.2 195 189.6 184.2 179.6 175.1 170.7 166.3 161.8 157.3 152.8 148.3 144.8 141.4 139.5 137.8
96.49 106.1 117.4 128.8 140.1 151.4 161.5 171.6 180.8 189.9 198.3 206.7 214.9 223.2 230.7 238.2 243.8 249.3 253 256.6 259.8 263 265.2 267.3 269.2 271.2 272.5 273.8 276 278.2 281.1 283.9 287.1 290.3 293.8 297.2 299.5 301.8 302.5 303.2 302 300.7 298.1 295.4 291.8 288.1 283.6 279.1 274.4 269.7 264.5 259.2 253.2 247.2 240.4 233.6 226.6 219.5 212.4 205.3 199.5 193.8 188.9 184 179.1 174.3 170.1 166 162.1 158.3 154.5 150.9 148.9 147.1
99.18 109 120.8 132.7 144.1 155.5 165.3 175 184.1 193.1 201.9 210.6 219.2 227.8 236 244.1 249.9 255.6 259.2 262.8 265.9 268.9 270.8 272.6 274.3 276 276.7 277.4 279.2 281.1 283.7 286.3 289.8 293.3 297 300.7 303.2 305.7 306.7 307.7 306.9 306.2 304 301.8 298.8 295.7 291.7 287.7 283.2 278.6 273.4 268.1 262.2 256.2 249.5 242.8 236.2 229.6 222.5 215.4 209.3 203.3 198.1 192.9 187.6 182.4 178.5 174.8 171.5 168.2 164.2 160.4 158.3 156.5
100.6 110.6 122.5 134.6 146 157.3 167.5 177.8 187.6 197.5 207.1 216.6 225.8 235 243.3 251.5 257.2 262.7 266 269.2 272 274.8 276.3 277.8 279 280.1 280.4 280.7 282 283.3 285.6 288 291.4 294.8 298.4 301.9 304.6 307.2 308.7 310.1 309.9 309.7 308 306.3 303.6 300.9 297.2 293.5 289 284.6 279.5 274.4 268.9 263.3 257.1 250.9 244.5 238.1 231.3 224.6 218.4 212.2 207 201.9 197.1 192.3 188.4 184.6 181.3 178 174 170 167.7 165.6
101.9 112 124.1 136.4 147.7 159.1 169.8 180.6 191.3 202 212.4 222.8 232.5 242.3 250.7 259 264.5 269.9 272.9 275.8 278.2 280.7 281.9 283 283.7 284.3 284.1 284 284.8 285.5 287.5 289.5 292.9 296.2 299.6 303 305.8 308.6 310.5 312.4 312.8 313.2 311.9 310.6 308.3 305.9 302.5 299.1 294.7 290.4 285.4 280.4 275.3 270.1 264.4 258.6 252.4 246.3 239.9 233.5 227.2 220.9 215.8 210.7 206.2 201.8 197.9 194 190.7 187.4 183.3 179.4 176.8 174.5
102.1 112.3 124.5 136.8 148.7 160.6 172.3 184 195.8 207.6 218.8 229.9 240.3 250.7 259.2 267.6 272.7 277.7 280.6 283.5 285.6 287.8 288.2 288.6 288.5 288.4 287.6 286.9 286.9 287 288.6 290.1 293.1 296.1 299.7 303.3 306.2 309.2 311.4 313.7 314.5 315.3 314.6 313.9 312 309.9 306.6 303.2 299 294.7 289.8 284.8 279.8 274.6 268.9 263.1 257.2 251.3 245.2 239.1 233.2 227.3 222.1 216.9 212.3 207.7 203.5 199.4 196.1 192.8 189.1 185.6 183.5 181.7
102.3 112.5 124.8 137.1 149.6 162 174.6 187.2 200.1 212.9 224.9 236.8 247.8 258.7 267.4 275.9 280.7 285.3 288.3 291.2 293 294.8 294.5 294.1 293.3 292.5 291.1 289.7 289.1 288.5 289.6 290.6 293.2 295.8 299.6 303.4 306.4 309.5 312.1 314.7 315.9 317.2 317.1 316.9 315.3 313.6 310.3 307 302.9 298.8 293.8 288.9 283.9 278.8 273 267.3 261.7 256 250.2 244.4 238.9 233.4 228.1 222.8 218 213.2 208.9 204.6 201.3 198 194.7 191.6 190 188.6
102.7 112.9 124.7 136.5 149.4 162.3 175.5 188.7 202.3 215.8 228.3 240.7 252 263.3 272.3 281.2 286.4 291.4 295 298.5 300 301.4 300.5 299.5 297.9 296.3 294.2 292.1 290.8 289.4 289.8 290.3 292.3 294.3 297.9 301.5 304.8 308 310.5 313 314.7 316.4 316.9 317.3 315.9 314.5 311.1 307.7 303.6 299.4 294.5 289.6 284.6 279.6 273.9 268.3 262.9 257.5 252 246.5 241.4 236.2 230.9 225.6 220.8 216 211.4 206.9 203.8 200.7 198.2 195.8 194.8 193.9
103.2 113.4 124.8 136.2 149.4 162.8 176.5 190.3 204.4 218.6 231.6 244.5 256.2 267.7 277.1 286.3 292 297.5 301.7 305.8 306.9 308 306.5 304.9 302.5 300.1 297.3 294.5 292.4 290.3 290.1 289.9 291.3 292.8 296.1 299.5 302.8 306.2 308.7 311.1 313.3 315.4 316.3 317.2 316.1 315 311.5 308.1 303.9 299.7 294.9 290.1 285.1 280.1 274.5 269 263.8 258.6 253.5 248.4 243.6 238.8 233.5 228.2 223.4 218.5 213.8 209.1 206.1 203.3 201.5 199.8 199.3 199
104.3 114.9 126.2 137.6 151.1 164.8 178.2 191.6 205.9 220.2 233.8 247.3 259 270.6 280.5 290.3 296.8 303.1 307.8 312.5 313.8 315 312.8 310.5 307 303.5 299.9 296.4 293.8 291.1 290.1 289.1 289.9 290.6 293.2 295.8 298.7 301.6 304.2 306.8 309.2 311.5 312.6 313.6 312.6 311.6 308.2 304.8 300.8 296.8 292.3 287.9 282.9 277.9 272.7 267.5 262.5 257.4 252.8 248.1 243.7 239.1 233.8 228.6 223.7 218.9 214.3 209.9 207.1 204.5 203.2 202.1 202.1 202.3
105.3 116.2 127.6 139.1 152.9 166.9 180.1 193.3 207.7 222.2 236.2 250.3 262 273.6 284 294.3 301.6 308.7 313.9 319.1 320.6 322 319.1 316.2 311.5 306.8 302.6 298.3 295.1 291.9 290.1 288.4 288.4 288.4 290.3 292.2 294.6 297 299.6 302.3 304.8 307.3 308.5 309.6 308.8 307.9 304.6 301.3 297.4 293.6 289.5 285.4 280.4 275.4 270.6 265.7 260.8 256 251.8 247.7 243.5 239.2 233.9 228.7 223.9 219.1 214.7 210.5 208 205.6 204.9 204.2 204.8 205.5
105.1 116.7 129.2 141.8 156.2 170.6 184.1 197.4 212 226.7 240.8 254.9 266.6 278.2 288.4 298.6 306.5 314.2 319.4 324.5 326.4 328.2 325 321.7 316 310.3 305.3 300.3 296.4 292.5 290.1 287.7 287 286.3 287.3 288.3 290.1 291.9 293.9 295.8 297.8 299.7 301.5 303.2 302.5 301.7 298.4 295.1 291.5 288 284.2 280.4 275.6 270.8 266.2 261.7 257.1 252.5 248.8 245.1 241.1 237 231.8 226.6 222.1 217.7 213.7 209.9 207.8 205.9 205.3 204.9 205.8 206.8
105 117.2 130.7 144.2 159.1 174.1 187.8 201.5 216.3 231.2 245.4 259.5 271.2 282.9 293 303.1 311.5 319.8 325 330.1 332.3 334.4 330.9 327.2 320.5 313.8 308 302.2 297.6 293.1 290 287 285.5 284.1 284.3 284.4 285.6 286.7 288 289.3 290.7 292.2 294.4 296.6 296 295.3 291.9 288.6 285.4 282.2 278.9 275.4 270.8 266.2 261.9 257.6 253.3 249 245.7 242.3 238.5 234.6 229.4 224.3 220.1 216 212.4 209 207.4 205.8 205.6 205.5 206.7 207.9
105.2 117.4 131 144.7 160 175.4 189.9 204.2 219.8 235.5 249.8 264.1 276.4 288.6 298.8 309 318.1 327.1 332.4 337.6 339.1 340.5 336.2 331.8 324.7 317.5 310.8 304 298.8 293.5 289.9 286.3 284.3 282.3 281.6 280.9 281 281 281.6 282.1 283.5 284.8 286.7 288.6 287.6 286.6 283.2 279.8 277.4 274.9 272.2 269.5 265.4 261.3 257.4 253.4 249.3 245.1 241.7 238.3 234.6 230.9 226 221.2 216.8 212.4 208.9 205.6 204.5 203.5 203.9 204.3 205.9 207.5
105.3 117.5 131.1 144.9 160.7 176.5 191.6 206.6 223 239.5 254 268.4 281.3 294.1 304.7 315.2 324.9 334.5 339.9 345.1 345.8 346.4 341.4 336.3 328.8 321.2 313.5 305.8 299.9 294 289.8 285.7 283.1 280.6 279 277.5 276.5 275.5 275.3 275.2 276.4 277.6 279.1 280.6 279.2 277.9 274.5 271.1 269.4 267.7 265.6 263.5 260 256.5 252.8 249.2 245.2 241.2 237.7 234.1 230.7 227.1 222.5 217.8 213.2 208.8 205.3 202 201.5 201 201.9 202.9 204.9 206.9
103.7 115.9 129.5 143.1 159.3 175.6 191 206.3 223.5 240.7 255.7 270.5 284.7 298.9 311.1 323.2 332.8 342.3 347.2 351.9 351.5 351 345.5 339.9 332.3 324.6 316.2 307.8 301.3 294.8 289.9 285.1 281.9 278.6 276.6 274.7 273.1 271.6 270.7 269.8 270.4 270.9 271.7 272.4 270.9 269.3 266.6 263.8 262.4 260.9 259.2 257.5 254.5 251.5 248.1 244.7 240.7 236.8 233.1 229.5 226 222.3 217.6 212.9 208.5 204.1 200.6 197.4 197 196.8 198.4 200.1 202.4 204.7
101.8 114.1 127.7 141.3 157.9 174.6 190.3 206 223.7 241.6 257 272.4 287.8 303.3 317 330.7 340.3 349.8 354.1 358.3 357 355.5 349.5 343.4 335.5 327.7 318.7 309.6 302.5 295.4 289.9 284.5 280.6 276.7 274.3 271.8 269.8 267.7 266.1 264.5 264.4 264.3 264.4 264.5 262.7 260.9 258.8 256.7 255.4 254.2 252.9 251.5 249 246.4 243.3 240 236.1 232.2 228.5 224.8 221.1 217.4 212.6 207.9 203.5 199.2 195.8 192.7 192.5 192.5 194.7 197.1 199.6 202.2
98.28 110.6 124.7 138.9 156.2 173.6 189.5 205.3 222.7 240.2 256.2 272 288.2 304.3 319.1 333.9 344.2 354.4 358.5 362.5 360.7 358.7 352.3 345.8 337.4 329 319.8 310.5 303 295.5 289.4 283.4 279.1 274.8 271.9 268.9 266.3 263.6 261.6 259.6 259.1 258.7 258.3 257.9 255.9 253.9 252.2 250.5 249.5 248.5 247 245.5 243.2 240.8 237.5 234.1 230.4 226.7 222.8 218.9 215.2 211.4 206.6 201.8 197.4 193 189.6 186.5 186.7 187.1 189.8 192.5 195.3 198.1
95.01 107.3 121.9 136.6 154.4 172.5 188.5 204.5 221.6 238.8 255.1 271.4 288.1 304.9 320.7 336.5 347.5 358.3 362.4 366.2 363.9 361.5 354.7 347.9 339 330.1 320.6 311.2 303.3 295.3 288.7 282.2 277.5 272.9 269.4 266 262.8 259.6 257.1 254.7 253.9 253.2 252.3 251.4 249.2 247 245.7 244.4 243.7 242.9 241.2 239.5 237.3 235.1 231.6 228.1 224.5 220.9 216.9 213 209.2 205.4 200.5 195.7 191.2 186.8 183.4 180.4 180.9 181.6 184.6 187.6 190.7 193.7
93.35 105.4 120.3 135.3 152.7 170.4 186.4 202.3 219.2 236.2 252.5 268.7 285.3 301.9 318.4 334.9 346.6 358.1 362.3 366.3 363.8 361.2 354 346.8 337.8 328.7 319.3 309.9 301.9 293.9 287.1 280.3 275.4 270.4 266.6 262.8 259.4 255.9 253.3 250.7 249.6 248.6 247.2 245.9 243.5 241.1 239.9 238.7 238.1 237.5 235.6 233.7 231.2 228.6 224.8 221.1 217.6 214 210.5 207 203 199.1 194.2 189.3 184.8 180.4 177.2 174.1 174.3 174.6 177.6 180.6 183.5 186.4
91.52 103.3 118.4 133.6 150.6 167.8 183.9 199.9 216.6 233.3 249.6 265.9 282.5 299.1 316.1 333.2 345.5 357.6 361.9 365.9 363.2 360.3 352.8 345.2 336 326.8 317.6 308.4 300.3 292.3 285.3 278.4 273.2 267.9 263.8 259.6 255.9 252.3 249.5 246.7 245.3 244 242.3 240.5 237.8 235.2 234.1 233.1 232.6 232.1 230 227.8 225 222.1 218.1 214 210.5 207.1 203.9 200.8 196.7 192.6 187.7 182.9 178.4 174.1 170.9 167.9 167.7 167.8 170.7 173.6 176.4 179.2
