small_test/Gr.grd
DSAA
926 532
0.0 231250.0
0.0 132750.0
-13.189053535461 28.102787017822
[rows 0 to 33 of 532, columns 0 to 76 of 926]
2.707 2.636 2.564 2.491 2.409 2.324 2.22 2.112 1.982 1.847 1.692 1.533 1.362 1.189 1.018 0.847 0.6834 0.5215 0.3631 0.2055 0.0492 -0.1068 -0.2615 -0.4158 -0.5677 -0.7192 -0.8683 -1.017 -1.162 -1.306 -1.447 -1.587 -1.724 -1.86 -1.989 -2.116 -2.236 -2.355 -2.47 -2.584 -2.696 -2.808 -2.917 -3.027 -3.136 -3.244 -3.349 -3.453 -3.551 -3.648 -3.74 -3.83 -3.915 -3.998 -4.077 -4.155 -4.228 -4.302 -4.372 -4.443 -4.513 -4.583 -4.654 -4.726 -4.801 -4.877 -4.961 -5.046 -5.139 -5.232 -5.329 -5.425 -5.521 -5.617 -5.72 -5.823 -5.936
2.767 2.694 2.622 2.55 2.471 2.389 2.291 2.188 2.063 1.933 1.782 1.626 1.455 1.281 1.107 0.9336 0.7675 0.603 0.4417 0.2812 0.1219 -0.03714 -0.1947 -0.3519 -0.5061 -0.6597 -0.8106 -0.961 -1.107 -1.253 -1.394 -1.535 -1.673 -1.811 -1.941 -2.071 -2.192 -2.313 -2.429 -2.545 -2.657 -2.769 -2.878 -2.986 -3.092 -3.199 -3.303 -3.406 -3.504 -3.602 -3.693 -3.783 -3.868 -3.952 -4.032 -4.112 -4.189 -4.266 -4.34 -4.413 -4.487 -4.56 -4.636 -4.712 -4.791 -4.871 -4.959 -5.048 -5.143 -5.24 -5.34 -5.44 -5.541 -5.642 -5.749 -5.856 -5.972
2.821 2.745 2.671 2.597 2.519 2.438 2.343 2.244 2.124 1.999 1.853 1.701 1.533 1.361 1.187 1.013 0.8447 0.6781 0.5139 0.3504 0.1881 0.02604 -0.1345 -0.2948 -0.4516 -0.6077 -0.7603 -0.9122 -1.06 -1.206 -1.349 -1.491 -1.63 -1.768 -1.9 -2.031 -2.154 -2.276 -2.394 -2.511 -2.623 -2.736 -2.844 -2.952 -3.057 -3.161 -3.264 -3.367 -3.465 -3.562 -3.652 -3.742 -3.826 -3.91 -3.992 -4.074 -4.154 -4.234 -4.311 -4.387 -4.464 -4.541 -4.622 -4.703 -4.786 -4.871 -4.963 -5.055 -5.154 -5.253 -5.356 -5.46 -5.565 -5.67 -5.781 -5.893 -6.011
2.872 2.792 2.715 2.64 2.561 2.481 2.389 2.292 2.178 2.058 1.917 1.77 1.605 1.436 1.263 1.089 0.9194 0.7507 0.5838 0.4172 0.2518 0.08679 -0.07691 -0.2403 -0.3998 -0.5584 -0.7126 -0.866 -1.014 -1.162 -1.306 -1.449 -1.588 -1.728 -1.861 -1.993 -2.118 -2.242 -2.36 -2.478 -2.591 -2.704 -2.812 -2.92 -3.024 -3.127 -3.228 -3.33 -3.427 -3.524 -3.614 -3.703 -3.787 -3.871 -3.954 -4.037 -4.12 -4.203 -4.283 -4.362 -4.443 -4.524 -4.609 -4.695 -4.784 -4.873 -4.969 -5.065 -5.166 -5.268 -5.374 -5.481 -5.591 -5.7 -5.815 -5.93 -6.05
2.919 2.834 2.754 2.675 2.594 2.513 2.421 2.327 2.216 2.101 1.964 1.823 1.661 1.495 1.324 1.152 0.9821 0.8129 0.6447 0.4769 0.309 0.1412 -0.02521 -0.1913 -0.3528 -0.5134 -0.6691 -0.8238 -0.9738 -1.123 -1.268 -1.413 -1.554 -1.694 -1.829 -1.962 -2.089 -2.215 -2.335 -2.454 -2.567 -2.679 -2.787 -2.894 -2.997 -3.099 -3.199 -3.298 -3.395 -3.49 -3.579 -3.668 -3.752 -3.835 -3.919 -4.003 -4.087 -4.172 -4.256 -4.339 -4.424 -4.509 -4.598 -4.687 -4.782 -4.876 -4.976 -5.077 -5.18 -5.284 -5.394 -5.504 -5.617 -5.73 -5.847 -5.965 -6.086
2.964 2.875 2.791 2.707 2.624 2.541 2.449 2.356 2.248 2.137 2.005 1.869 1.712 1.55 1.381 1.21 1.041 0.8712 0.7025 0.534 0.3638 0.1932 0.02434 -0.1442 -0.3076 -0.47 -0.627 -0.783 -0.9347 -1.086 -1.233 -1.379 -1.521 -1.663 -1.8 -1.935 -2.064 -2.192 -2.313 -2.432 -2.545 -2.657 -2.764 -2.87 -2.972 -3.073 -3.171 -3.269 -3.364 -3.458 -3.546 -3.634 -3.717 -3.8 -3.884 -3.969 -4.055 -4.142 -4.229 -4.316 -4.406 -4.495 -4.587 -4.68 -4.78 -4.88 -4.984 -5.088 -5.194 -5.3 -5.413 -5.526 -5.643 -5.759 -5.879 -5.999 -6.121
3.005 2.911 2.822 2.734 2.648 2.562 2.47 2.376 2.271 2.162 2.034 1.901 1.749 1.591 1.425 1.258 1.089 0.9202 0.7514 0.5826 0.4115 0.24 0.07013 -0.09938 -0.2643 -0.4282 -0.5874 -0.7456 -0.8995 -1.053 -1.202 -1.35 -1.495 -1.639 -1.777 -1.914 -2.044 -2.173 -2.295 -2.415 -2.527 -2.639 -2.744 -2.849 -2.95 -3.05 -3.147 -3.244 -3.337 -3.43 -3.518 -3.605 -3.688 -3.77 -3.855 -3.939 -4.027 -4.115 -4.205 -4.294 -4.387 -4.48 -4.576 -4.672 -4.775 -4.879 -4.986 -5.094 -5.203 -5.313 -5.428 -5.545 -5.665 -5.785 -5.907 -6.029 -6.151
3.043 2.945 2.852 2.76 2.67 2.581 2.488 2.394 2.289 2.183 2.058 1.929 1.781 1.627 1.465 1.301 1.134 0.966 0.7972 0.6282 0.4568 0.2849 0.1146 -0.05542 -0.2216 -0.3871 -0.5487 -0.7094 -0.8658 -1.021 -1.173 -1.324 -1.47 -1.616 -1.756 -1.895 -2.026 -2.156 -2.278 -2.399 -2.511 -2.622 -2.726 -2.829 -2.928 -3.027 -3.124 -3.221 -3.313 -3.404 -3.491 -3.577 -3.66 -3.742 -3.827 -3.911 -4 -4.09 -4.181 -4.272 -4.369 -4.465 -4.565 -4.664 -4.77 -4.876 -4.986 -5.097 -5.21 -5.324 -5.443 -5.562 -5.685 -5.808 -5.932 -6.056 -6.179
3.076 2.972 2.875 2.779 2.687 2.596 2.501 2.406 2.301 2.195 2.072 1.945 1.801 1.652 1.494 1.334 1.17 1.005 0.8373 0.6692 0.4979 0.3259 0.1553 -0.01503 -0.1822 -0.3488 -0.5124 -0.6755 -0.8343 -0.9923 -1.146 -1.3 -1.449 -1.596 -1.738 -1.879 -2.012 -2.143 -2.266 -2.387 -2.499 -2.61 -2.713 -2.815 -2.913 -3.012 -3.107 -3.203 -3.294 -3.384 -3.469 -3.554 -3.637 -3.719 -3.803 -3.887 -3.977 -4.067 -4.16 -4.253 -4.352 -4.451 -4.554 -4.656 -4.764 -4.873 -4.986 -5.099 -5.216 -5.333 -5.454 -5.576 -5.701 -5.826 -5.95 -6.075 -6.198
3.106 2.998 2.896 2.797 2.702 2.609 2.513 2.416 2.311 2.204 2.083 1.958 1.817 1.672 1.519 1.363 1.203 1.041 0.8755 0.7087 0.5376 0.3655 0.1947 0.02412 -0.144 -0.3115 -0.4771 -0.6423 -0.8036 -0.9643 -1.121 -1.277 -1.428 -1.578 -1.722 -1.865 -1.999 -2.131 -2.254 -2.376 -2.488 -2.599 -2.701 -2.802 -2.9 -2.998 -3.093 -3.187 -3.276 -3.366 -3.45 -3.534 -3.616 -3.697 -3.781 -3.865 -3.955 -4.045 -4.139 -4.235 -4.336 -4.438 -4.543 -4.648 -4.758 -4.869 -4.985 -5.102 -5.222 -5.342 -5.465 -5.589 -5.715 -5.841 -5.966 -6.091 -6.214
3.133 3.021 2.916 2.813 2.715 2.618 2.52 2.421 2.315 2.208 2.088 1.965 1.826 1.685 1.535 1.383 1.225 1.067 0.9028 0.7381 0.5688 0.3985 0.2288 0.05916 -0.1092 -0.2773 -0.4445 -0.6116 -0.7758 -0.9394 -1.099 -1.258 -1.412 -1.564 -1.71 -1.855 -1.99 -2.122 -2.246 -2.369 -2.482 -2.593 -2.695 -2.796 -2.894 -2.992 -3.085 -3.177 -3.265 -3.352 -3.435 -3.517 -3.598 -3.679 -3.763 -3.846 -3.936 -4.026 -4.122 -4.218 -4.321 -4.425 -4.533 -4.642 -4.755 -4.868 -4.986 -5.104 -5.226 -5.348 -5.472 -5.596 -5.722 -5.848 -5.973 -6.098 -6.222
3.158 3.044 2.935 2.828 2.727 2.627 2.526 2.425 2.318 2.21 2.091 1.969 1.834 1.695 1.548 1.399 1.244 1.088 0.9265 0.7642 0.5972 0.4292 0.261 0.09279 -0.0756 -0.244 -0.4129 -0.5818 -0.7489 -0.9156 -1.078 -1.24 -1.397 -1.552 -1.7 -1.846 -1.981 -2.115 -2.24 -2.363 -2.476 -2.588 -2.691 -2.793 -2.891 -2.988 -3.079 -3.169 -3.255 -3.339 -3.421 -3.502 -3.582 -3.662 -3.745 -3.828 -3.917 -4.008 -4.105 -4.202 -4.307 -4.413 -4.524 -4.637 -4.752 -4.868 -4.987 -5.107 -5.23 -5.352 -5.477 -5.601 -5.726 -5.852 -5.977 -6.102 -6.227
3.179 3.062 2.951 2.841 2.737 2.633 2.53 2.426 2.318 2.208 2.089 1.968 1.834 1.698 1.553 1.407 1.255 1.102 0.9436 0.7846 0.6205 0.4552 0.2886 0.1217 -0.04676 -0.2155 -0.3856 -0.556 -0.7255 -0.8947 -1.06 -1.225 -1.383 -1.541 -1.69 -1.838 -1.976 -2.111 -2.236 -2.36 -2.473 -2.585 -2.689 -2.791 -2.888 -2.985 -3.075 -3.165 -3.249 -3.333 -3.413 -3.493 -3.571 -3.65 -3.731 -3.813 -3.901 -3.99 -4.088 -4.186 -4.293 -4.402 -4.516 -4.63 -4.748 -4.865 -4.986 -5.108 -5.231 -5.354 -5.477 -5.601 -5.726 -5.851 -5.976 -6.102 -6.229
3.198 3.08 2.966 2.854 2.746 2.639 2.532 2.426 2.316 2.205 2.086 1.964 1.832 1.698 1.556 1.412 1.263 1.113 0.9584 0.8032 0.6421 0.4797 0.3146 0.149 -0.0195 -0.1886 -0.3599 -0.5316 -0.7032 -0.8748 -1.043 -1.21 -1.37 -1.53 -1.681 -1.831 -1.97 -2.108 -2.234 -2.358 -2.471 -2.583 -2.687 -2.79 -2.886 -2.982 -3.072 -3.162 -3.246 -3.329 -3.407 -3.485 -3.562 -3.638 -3.718 -3.798 -3.885 -3.972 -4.07 -4.17 -4.279 -4.39 -4.507 -4.624 -4.742 -4.861 -4.984 -5.107 -5.23 -5.354 -5.476 -5.599 -5.723 -5.848 -5.974 -6.101 -6.23
3.211 3.091 2.976 2.862 2.751 2.641 2.532 2.422 2.31 2.197 2.077 1.954 1.824 1.692 1.552 1.412 1.266 1.118 0.9671 0.8152 0.6573 0.4981 0.3345 0.1699 0.001825 -0.167 -0.3385 -0.5106 -0.6839 -0.8575 -1.028 -1.197 -1.36 -1.521 -1.674 -1.826 -1.967 -2.106 -2.232 -2.357 -2.47 -2.582 -2.686 -2.788 -2.885 -2.98 -3.07 -3.159 -3.242 -3.325 -3.402 -3.479 -3.554 -3.629 -3.707 -3.785 -3.871 -3.957 -4.055 -4.154 -4.266 -4.379 -4.498 -4.618 -4.738 -4.858 -4.981 -5.104 -5.227 -5.35 -5.471 -5.592 -5.716 -5.841 -5.968 -6.096 -6.227
3.223 3.101 2.984 2.868 2.754 2.642 2.529 2.417 2.302 2.187 2.065 1.943 1.813 1.683 1.547 1.409 1.266 1.122 0.9738 0.8251 0.6704 0.5146 0.3523 0.1888 0.02121 -0.1471 -0.3186 -0.4906 -0.6656 -0.8411 -1.013 -1.185 -1.349 -1.512 -1.667 -1.821 -1.963 -2.103 -2.231 -2.356 -2.47 -2.582 -2.685 -2.787 -2.883 -2.978 -3.067 -3.156 -3.238 -3.32 -3.397 -3.474 -3.547 -3.621 -3.696 -3.773 -3.857 -3.942 -4.04 -4.14 -4.253 -4.368 -4.49 -4.612 -4.734 -4.856 -4.979 -5.101 -5.223 -5.344 -5.464 -5.584 -5.708 -5.832 -5.961 -6.09 -6.224
3.23 3.107 2.987 2.869 2.753 2.638 2.523 2.409 2.292 2.175 2.053 1.93 1.802 1.673 1.539 1.403 1.263 1.121 0.9757 0.8295 0.6775 0.5243 0.3639 0.2021 0.03534 -0.1324 -0.3039 -0.4761 -0.6515 -0.8276 -1.001 -1.174 -1.341 -1.506 -1.662 -1.817 -1.96 -2.102 -2.23 -2.356 -2.471 -2.584 -2.688 -2.79 -2.885 -2.979 -3.067 -3.155 -3.237 -3.318 -3.395 -3.47 -3.543 -3.615 -3.69 -3.765 -3.848 -3.933 -4.031 -4.131 -4.246 -4.363 -4.486 -4.61 -4.732 -4.855 -4.976 -5.097 -5.216 -5.335 -5.454 -5.573 -5.696 -5.819 -5.949 -6.079 -6.217
3.235 3.111 2.989 2.868 2.75 2.633 2.516 2.4 2.282 2.163 2.041 1.918 1.79 1.662 1.53 1.397 1.259 1.119 0.976 0.8322 0.6826 0.5319 0.3736 0.2137 0.04779 -0.1193 -0.2908 -0.4632 -0.6388 -0.815 -0.9898 -1.164 -1.333 -1.5 -1.658 -1.814 -1.958 -2.1 -2.229 -2.357 -2.473 -2.588 -2.692 -2.794 -2.888 -2.981 -3.068 -3.155 -3.236 -3.317 -3.393 -3.467 -3.539 -3.611 -3.685 -3.759 -3.841 -3.925 -4.023 -4.123 -4.24 -4.359 -4.483 -4.608 -4.731 -4.853 -4.973 -5.092 -5.209 -5.326 -5.443 -5.561 -5.683 -5.805 -5.935 -6.066 -6.208
3.237 3.111 2.987 2.865 2.745 2.627 2.509 2.391 2.271 2.152 2.029 1.906 1.78 1.653 1.521 1.39 1.253 1.115 0.9734 0.8309 0.6827 0.5333 0.3768 0.2188 0.05443 -0.1112 -0.2824 -0.4546 -0.6301 -0.8061 -0.9812 -1.156 -1.326 -1.495 -1.654 -1.811 -1.956 -2.099 -2.23 -2.358 -2.475 -2.59 -2.694 -2.797 -2.891 -2.984 -3.07 -3.157 -3.238 -3.318 -3.393 -3.468 -3.539 -3.611 -3.685 -3.76 -3.843 -3.927 -4.026 -4.126 -4.243 -4.361 -4.485 -4.609 -4.73 -4.852 -4.97 -5.088 -5.202 -5.316 -5.431 -5.545 -5.665 -5.785 -5.916 -6.048 -6.195
3.238 3.11 2.985 2.86 2.739 2.62 2.501 2.382 2.261 2.141 2.019 1.896 1.77 1.643 1.513 1.382 1.247 1.11 0.9698 0.8284 0.6811 0.5327 0.3779 0.2219 0.05925 -0.1047 -0.2754 -0.4474 -0.6226 -0.7984 -0.9735 -1.148 -1.319 -1.489 -1.649 -1.808 -1.955 -2.1 -2.231 -2.361 -2.477 -2.592 -2.696 -2.798 -2.893 -2.986 -3.073 -3.159 -3.24 -3.32 -3.395 -3.469 -3.541 -3.613 -3.688 -3.764 -3.847 -3.932 -4.031 -4.132 -4.248 -4.365 -4.487 -4.61 -4.73 -4.851 -4.968 -5.084 -5.195 -5.307 -5.417 -5.528 -5.645 -5.763 -5.896 -6.029 -6.18
3.237 3.106 2.978 2.852 2.73 2.61 2.491 2.371 2.251 2.13 2.007 1.884 1.758 1.632 1.502 1.371 1.236 1.101 0.9615 0.8214 0.6759 0.5294 0.3763 0.2218 0.06053 -0.1021 -0.272 -0.4433 -0.6184 -0.7941 -0.9699 -1.146 -1.317 -1.488 -1.649 -1.808 -1.955 -2.1 -2.232 -2.361 -2.478 -2.593 -2.697 -2.8 -2.895 -2.988 -3.075 -3.161 -3.242 -3.321 -3.396 -3.471 -3.544 -3.617 -3.693 -3.77 -3.855 -3.941 -4.041 -4.141 -4.256 -4.371 -4.492 -4.613 -4.732 -4.852 -4.966 -5.08 -5.188 -5.295 -5.402 -5.508 -5.623 -5.739 -5.871 -6.005 -6.16
3.235 3.1 2.971 2.843 2.72 2.6 2.48 2.361 2.24 2.119 1.996 1.873 1.747 1.62 1.49 1.359 1.225 1.09 0.9517 0.813 0.6696 0.5252 0.3737 0.2208 0.06072 -0.1008 -0.2698 -0.4402 -0.6151 -0.791 -0.9676 -1.144 -1.317 -1.489 -1.65 -1.809 -1.955 -2.099 -2.231 -2.361 -2.479 -2.594 -2.698 -2.801 -2.897 -2.991 -3.078 -3.164 -3.244 -3.323 -3.398 -3.473 -3.548 -3.622 -3.7 -3.778 -3.865 -3.952 -4.051 -4.152 -4.264 -4.378 -4.497 -4.617 -4.735 -4.853 -4.965 -5.076 -5.18 -5.284 -5.386 -5.488 -5.6 -5.713 -5.846 -5.98 -6.139
3.232 3.095 2.963 2.833 2.71 2.589 2.469 2.35 2.23 2.108 1.985 1.86 1.734 1.607 1.477 1.346 1.212 1.077 0.9396 0.8018 0.6601 0.5177 0.3682 0.2173 0.05824 -0.1024 -0.2711 -0.4412 -0.6164 -0.7925 -0.9698 -1.147 -1.32 -1.492 -1.652 -1.811 -1.957 -2.101 -2.233 -2.362 -2.48 -2.595 -2.701 -2.805 -2.9 -2.994 -3.082 -3.168 -3.248 -3.327 -3.403 -3.478 -3.554 -3.629 -3.708 -3.787 -3.875 -3.963 -4.062 -4.162 -4.274 -4.387 -4.504 -4.623 -4.739 -4.854 -4.963 -5.072 -5.173 -5.273 -5.371 -5.47 -5.579 -5.689 -5.821 -5.954 -6.116
3.228 3.088 2.955 2.824 2.7 2.578 2.459 2.34 2.219 2.098 1.973 1.847 1.72 1.593 1.463 1.332 1.198 1.064 0.9267 0.7896 0.6497 0.5091 0.3618 0.213 0.05496 -0.105 -0.2734 -0.4435 -0.619 -0.7954 -0.9733 -1.151 -1.324 -1.496 -1.655 -1.813 -1.959 -2.102 -2.234 -2.364 -2.482 -2.598 -2.704 -2.809 -2.904 -2.998 -3.086 -3.173 -3.252 -3.331 -3.407 -3.484 -3.56 -3.636 -3.716 -3.797 -3.885 -3.974 -4.073 -4.173 -4.284 -4.396 -4.512 -4.629 -4.743 -4.856 -4.962 -5.068 -5.165 -5.262 -5.357 -5.452 -5.558 -5.665 -5.795 -5.928 -6.092
3.222 3.081 2.947 2.815 2.691 2.569 2.448 2.329 2.207 2.085 1.96 1.834 1.706 1.578 1.447 1.315 1.181 1.046 0.9105 0.7751 0.6374 0.4992 0.3538 0.2069 0.04994 -0.109 -0.2772 -0.447 -0.623 -0.8001 -0.9782 -1.157 -1.329 -1.5 -1.66 -1.817 -1.963 -2.106 -2.238 -2.367 -2.485 -2.6 -2.707 -2.812 -2.908 -3.002 -3.09 -3.177 -3.257 -3.336 -3.413 -3.49 -3.567 -3.643 -3.724 -3.805 -3.894 -3.984 -4.083 -4.183 -4.294 -4.405 -4.521 -4.636 -4.748 -4.859 -4.963 -5.066 -5.16 -5.253 -5.344 -5.435 -5.537 -5.64 -5.769 -5.9 -6.066
3.216 3.073 2.939 2.807 2.682 2.559 2.438 2.318 2.196 2.073 1.947 1.82 1.691 1.562 1.429 1.296 1.162 1.027 0.8932 0.76 0.6246 0.4888 0.3453 0.2003 0.04442 -0.1136 -0.2813 -0.4509 -0.6275 -0.8053 -0.9836 -1.162 -1.334 -1.504 -1.664 -1.822 -1.968 -2.111 -2.242 -2.371 -2.488 -2.603 -2.71 -2.815 -2.911 -3.006 -3.094 -3.18 -3.261 -3.341 -3.419 -3.496 -3.573 -3.65 -3.732 -3.814 -3.903 -3.994 -4.093 -4.194 -4.304 -4.415 -4.529 -4.644 -4.753 -4.862 -4.964 -5.064 -5.155 -5.244 -5.331 -5.417 -5.516 -5.616 -5.743 -5.873 -6.04
3.209 3.066 2.93 2.797 2.672 2.549 2.427 2.306 2.183 2.059 1.932 1.804 1.673 1.542 1.409 1.276 1.142 1.008 0.8758 0.7441 0.6106 0.4768 0.3349 0.1912 0.03625 -0.121 -0.2887 -0.4585 -0.6347 -0.812 -0.9901 -1.168 -1.34 -1.511 -1.671 -1.83 -1.975 -2.118 -2.248 -2.376 -2.492 -2.607 -2.712 -2.817 -2.913 -3.009 -3.097 -3.184 -3.266 -3.347 -3.425 -3.503 -3.581 -3.658 -3.741 -3.824 -3.913 -4.004 -4.104 -4.205 -4.314 -4.424 -4.537 -4.65 -4.758 -4.866 -4.965 -5.063 -5.15 -5.236 -5.32 -5.403 -5.499 -5.595 -5.72 -5.847 -6.014
3.203 3.058 2.921 2.787 2.661 2.537 2.415 2.293 2.169 2.045 1.916 1.787 1.654 1.521 1.388 1.255 1.122 0.9891 0.8583 0.728 0.5963 0.4644 0.3239 0.1815 0.02733 -0.1292 -0.2971 -0.4671 -0.6427 -0.8192 -0.997 -1.175 -1.348 -1.519 -1.679 -1.838 -1.983 -2.125 -2.255 -2.383 -2.498 -2.61 -2.715 -2.818 -2.915 -3.011 -3.1 -3.188 -3.271 -3.353 -3.432 -3.51 -3.589 -3.667 -3.75 -3.834 -3.924 -4.015 -4.114 -4.215 -4.323 -4.432 -4.544 -4.655 -4.763 -4.87 -4.966 -5.061 -5.145 -5.228 -5.309 -5.39 -5.482 -5.575 -5.697 -5.821 -5.987
3.195 3.048 2.91 2.775 2.648 2.524 2.402 2.28 2.155 2.03 1.9 1.769 1.635 1.501 1.367 1.233 1.1 0.9686 0.8396 0.7112 0.5819 0.4523 0.3129 0.1715 0.01698 -0.1401 -0.3084 -0.4789 -0.6549 -0.8318 -1.01 -1.188 -1.361 -1.533 -1.693 -1.851 -1.995 -2.137 -2.266 -2.392 -2.506 -2.617 -2.72 -2.822 -2.918 -3.013 -3.103 -3.192 -3.276 -3.36 -3.441 -3.521 -3.6 -3.679 -3.762 -3.846 -3.937 -4.027 -4.126 -4.226 -4.333 -4.442 -4.552 -4.663 -4.769 -4.875 -4.97 -5.064 -5.144 -5.223 -5.302 -5.38 -5.469 -5.559 -5.677 -5.798 -5.961
3.186 3.038 2.899 2.762 2.635 2.51 2.388 2.266 2.141 2.016 1.884 1.752 1.616 1.48 1.345 1.21 1.079 0.9476 0.8206 0.6943 0.5674 0.4403 0.302 0.1614 0.006248 -0.1518 -0.3206 -0.4915 -0.6682 -0.846 -1.025 -1.203 -1.376 -1.549 -1.708 -1.866 -2.009 -2.15 -2.277 -2.401 -2.514 -2.625 -2.727 -2.827 -2.922 -3.016 -3.106 -3.195 -3.282 -3.368 -3.45 -3.532 -3.612 -3.692 -3.776 -3.86 -3.95 -4.041 -4.138 -4.237 -4.344 -4.451 -4.561 -4.671 -4.776 -4.881 -4.975 -5.067 -5.144 -5.22 -5.295 -5.37 -5.457 -5.543 -5.658 -5.775 -5.936
3.169 3.022 2.883 2.747 2.62 2.495 2.372 2.249 2.124 1.997 1.864 1.73 1.593 1.455 1.32 1.185 1.055 0.9256 0.8002 0.6756 0.5497 0.4235 0.286 0.1462 -0.008632 -0.1664 -0.3351 -0.5059 -0.6829 -0.8612 -1.04 -1.22 -1.393 -1.566 -1.726 -1.883 -2.025 -2.164 -2.289 -2.412 -2.523 -2.632 -2.733 -2.833 -2.928 -3.022 -3.113 -3.204 -3.291 -3.378 -3.462 -3.545 -3.627 -3.708 -3.792 -3.877 -3.967 -4.058 -4.155 -4.252 -4.358 -4.464 -4.572 -4.68 -4.783 -4.886 -4.977 -5.067 -5.142 -5.216 -5.288 -5.36 -5.444 -5.529 -5.641 -5.755 -5.914
3.15 3.004 2.867 2.731 2.604 2.479 2.356 2.232 2.105 1.977 1.843 1.708 1.569 1.43 1.294 1.159 1.031 0.9033 0.7794 0.6563 0.5311 0.4053 0.2686 0.1295 -0.02465 -0.1818 -0.3502 -0.5207 -0.698 -0.8766 -1.056 -1.237 -1.411 -1.584 -1.744 -1.901 -2.042 -2.179 -2.302 -2.423 -2.532 -2.639 -2.74 -2.839 -2.935 -3.03 -3.122 -3.213 -3.302 -3.39 -3.475 -3.559 -3.642 -3.725 -3.81 -3.894 -3.984 -4.075 -4.172 -4.27 -4.374 -4.478 -4.584 -4.69 -4.79 -4.889 -4.977 -5.065 -5.138 -5.211 -5.281 -5.35 -5.432 -5.515 -5.624 -5.736 -5.893
3.119 2.976 2.841 2.708 2.582 2.457 2.334 2.21 2.083 1.955 1.821 1.685 1.546 1.406 1.27 1.135 1.007 0.8808 0.7583 0.6366 0.5125 0.3878 0.252 0.1141 -0.04027 -0.1978 -0.3662 -0.5365 -0.7139 -0.8925 -1.073 -1.253 -1.428 -1.602 -1.761 -1.918 -2.057 -2.193 -2.314 -2.434 -2.542 -2.649 -2.75 -2.85 -2.946 -3.041 -3.134 -3.226 -3.316 -3.405 -3.492 -3.577 -3.662 -3.747 -3.832 -3.918 -4.007 -4.097 -4.193 -4.289 -4.391 -4.492 -4.595 -4.698 -4.796 -4.893 -4.979 -5.063 -5.135 -5.206 -5.274 -5.342 -5.421 -5.502 -5.609 -5.718 -5.872
3.085 2.945 2.812 2.682 2.557 2.434 2.31 2.187 2.06 1.932 1.798 1.662 1.522 1.382 1.246 1.111 0.9835 0.8582 0.737 0.6168 0.4939 0.3704 0.2358 0.0989 -0.05579 -0.214 -0.3824 -0.5527 -0.73 -0.9085 -1.089 -1.27 -1.445 -1.62 -1.779 -1.935 -2.072 -2.206 -2.327 -2.445 -2.553 -2.66 -2.761 -2.861 -2.958 -3.053 -3.146 -3.239 -3.33 -3.422 -3.51 -3.598 -3.684 -3.77 -3.856 -3.942 -4.031 -4.121 -4.215 -4.31 -4.408 -4.506 -4.606 -4.706 -4.802 -4.898 -4.98 -5.061 -5.131 -5.201 -5.268 -5.334 -5.412 -5.49 -5.594 -5.701 -5.852
