small_test/Gr.grd
DSAA
926 532
0.0 231250.0
0.0 132750.0
-13.189053535461 28.102787017822
[rows 272 to 305 of 532, columns 154 to 230 of 926]
11.11 11.06 11.01 10.96 10.9 10.83 10.76 10.69 10.61 10.53 10.44 10.35 10.26 10.17 10.08 9.996 9.925 9.858 9.818 9.783 9.783 9.788 9.824 9.862 9.908 9.951 9.983 10.01 10.04 10.07 10.08 10.1 10.11 10.12 10.12 10.11 10.1 10.08 10.05 10.02 9.962 9.901 9.817 9.731 9.64 9.553 9.486 9.42 9.362 9.304 9.246 9.189 9.135 9.08 9.022 8.964 8.908 8.853 8.799 8.745 8.69 8.634 8.577 8.52 8.461 8.401 8.341 8.281 8.222 8.165 8.11 8.056 8.006 7.955 7.905 7.855 7.809
11.24 11.2 11.14 11.09 11.02 10.95 10.88 10.8 10.72 10.63 10.54 10.45 10.36 10.26 10.17 10.08 10.01 9.941 9.903 9.87 9.874 9.882 9.924 9.967 10.02 10.07 10.11 10.15 10.19 10.23 10.26 10.29 10.31 10.33 10.34 10.35 10.34 10.34 10.31 10.28 10.22 10.16 10.06 9.956 9.843 9.735 9.645 9.558 9.481 9.405 9.338 9.272 9.214 9.156 9.095 9.036 8.981 8.926 8.872 8.818 8.761 8.704 8.644 8.583 8.521 8.457 8.393 8.328 8.266 8.205 8.147 8.091 8.038 7.986 7.933 7.882 7.834
11.39 11.35 11.29 11.24 11.16 11.09 11.01 10.93 10.85 10.76 10.67 10.57 10.48 10.38 10.28 10.19 10.12 10.05 10.01 9.976 9.978 9.986 10.03 10.07 10.13 10.19 10.24 10.3 10.35 10.39 10.44 10.48 10.52 10.56 10.58 10.6 10.61 10.62 10.6 10.58 10.52 10.46 10.35 10.23 10.1 9.965 9.837 9.713 9.602 9.497 9.413 9.333 9.27 9.207 9.146 9.088 9.035 8.983 8.932 8.88 8.823 8.766 8.704 8.641 8.575 8.507 8.438 8.368 8.301 8.236 8.176 8.117 8.061 8.006 7.951 7.897 7.847
11.55 11.51 11.45 11.39 11.32 11.24 11.16 11.07 10.98 10.89 10.8 10.7 10.6 10.5 10.41 10.31 10.24 10.17 10.12 10.09 10.09 10.09 10.14 10.18 10.25 10.31 10.37 10.44 10.5 10.56 10.62 10.67 10.72 10.77 10.82 10.85 10.88 10.9 10.89 10.87 10.82 10.75 10.64 10.52 10.36 10.2 10.04 9.872 9.725 9.588 9.486 9.391 9.321 9.253 9.192 9.134 9.085 9.035 8.987 8.937 8.881 8.824 8.76 8.695 8.625 8.554 8.479 8.405 8.334 8.265 8.202 8.139 8.081 8.023 7.966 7.91 7.858
11.74 11.7 11.64 11.58 11.49 11.41 11.32 11.23 11.14 11.04 10.95 10.85 10.75 10.65 10.55 10.46 10.38 10.31 10.26 10.22 10.21 10.21 10.25 10.3 10.36 10.43 10.5 10.57 10.65 10.72 10.79 10.85 10.92 10.98 11.04 11.09 11.13 11.17 11.17 11.17 11.12 11.06 10.94 10.82 10.64 10.46 10.25 10.04 9.853 9.677 9.554 9.439 9.359 9.283 9.223 9.166 9.12 9.074 9.029 8.982 8.928 8.871 8.806 8.739 8.665 8.59 8.512 8.434 8.359 8.287 8.22 8.155 8.093 8.032 7.973 7.916 7.862
11.94 11.9 11.84 11.77 11.69 11.6 11.5 11.4 11.3 11.2 11.1 11 10.9 10.8 10.7 10.61 10.53 10.45 10.4 10.35 10.34 10.34 10.37 10.41 10.48 10.55 10.63 10.71 10.79 10.88 10.95 11.03 11.1 11.18 11.25 11.31 11.37 11.41 11.43 11.44 11.39 11.34 11.23 11.1 10.91 10.71 10.46 10.21 9.985 9.772 9.625 9.489 9.398 9.313 9.252 9.195 9.151 9.109 9.066 9.022 8.969 8.913 8.846 8.777 8.7 8.622 8.54 8.459 8.381 8.305 8.235 8.166 8.102 8.039 7.978 7.919 7.865
12.18 12.14 12.08 12.01 11.91 11.81 11.7 11.59 11.47 11.36 11.26 11.16 11.07 10.97 10.87 10.78 10.69 10.61 10.56 10.51 10.49 10.48 10.51 10.54 10.6 10.67 10.75 10.84 10.93 11.02 11.1 11.18 11.26 11.34 11.42 11.5 11.56 11.61 11.64 11.65 11.62 11.57 11.47 11.35 11.15 10.94 10.66 10.39 10.12 9.879 9.705 9.545 9.439 9.34 9.275 9.215 9.172 9.13 9.089 9.046 8.994 8.939 8.871 8.801 8.721 8.641 8.556 8.473 8.393 8.314 8.241 8.17 8.104 8.039 7.977 7.917 7.863
12.41 12.38 12.31 12.24 12.14 12.03 11.91 11.78 11.66 11.54 11.44 11.34 11.24 11.15 11.05 10.95 10.87 10.78 10.72 10.66 10.64 10.62 10.64 10.67 10.73 10.79 10.88 10.97 11.06 11.15 11.24 11.32 11.41 11.49 11.58 11.66 11.73 11.79 11.82 11.84 11.82 11.78 11.68 11.57 11.37 11.15 10.85 10.55 10.26 9.985 9.786 9.602 9.48 9.368 9.298 9.234 9.191 9.149 9.109 9.066 9.015 8.959 8.891 8.819 8.738 8.655 8.569 8.483 8.401 8.32 8.245 8.171 8.103 8.036 7.974 7.914 7.859
12.64 12.62 12.55 12.48 12.37 12.26 12.12 11.99 11.85 11.73 11.63 11.53 11.44 11.35 11.25 11.15 11.06 10.97 10.9 10.84 10.81 10.79 10.8 10.81 10.87 10.92 11.01 11.09 11.18 11.27 11.36 11.44 11.53 11.61 11.7 11.78 11.85 11.92 11.95 11.97 11.96 11.93 11.84 11.74 11.54 11.32 11.01 10.7 10.39 10.09 9.868 9.662 9.524 9.398 9.32 9.249 9.204 9.16 9.118 9.074 9.022 8.966 8.896 8.823 8.741 8.658 8.57 8.484 8.399 8.317 8.24 8.166 8.096 8.028 7.966 7.906 7.85
12.85 12.83 12.77 12.71 12.6 12.49 12.34 12.2 12.06 11.93 11.83 11.73 11.64 11.55 11.45 11.35 11.26 11.16 11.09 11.03 10.99 10.96 10.96 10.97 11.01 11.06 11.14 11.21 11.3 11.39 11.47 11.55 11.63 11.72 11.8 11.89 11.96 12.02 12.05 12.08 12.07 12.05 11.98 11.88 11.69 11.47 11.16 10.84 10.51 10.19 9.95 9.724 9.57 9.429 9.344 9.266 9.217 9.169 9.126 9.08 9.026 8.968 8.897 8.824 8.741 8.658 8.569 8.481 8.396 8.312 8.234 8.158 8.088 8.02 7.957 7.896 7.841
13.01 13 12.95 12.89 12.79 12.69 12.56 12.42 12.29 12.16 12.06 11.97 11.87 11.78 11.68 11.58 11.48 11.38 11.3 11.23 11.18 11.14 11.14 11.14 11.17 11.21 11.27 11.34 11.41 11.48 11.56 11.63 11.71 11.79 11.87 11.95 12.02 12.08 12.12 12.14 12.13 12.12 12.05 11.96 11.78 11.58 11.26 10.94 10.61 10.29 10.03 9.79 9.62 9.465 9.37 9.283 9.228 9.175 9.128 9.078 9.021 8.961 8.89 8.815 8.733 8.65 8.561 8.473 8.386 8.302 8.224 8.147 8.076 8.007 7.945 7.885 7.83
13.14 13.13 13.09 13.05 12.96 12.88 12.75 12.63 12.51 12.39 12.29 12.19 12.1 12 11.9 11.79 11.69 11.59 11.51 11.42 11.37 11.33 11.31 11.3 11.33 11.35 11.4 11.45 11.51 11.57 11.63 11.7 11.77 11.84 11.92 12 12.07 12.13 12.16 12.18 12.18 12.16 12.11 12.03 11.85 11.66 11.35 11.04 10.7 10.38 10.11 9.853 9.669 9.5 9.396 9.3 9.24 9.181 9.129 9.076 9.016 8.954 8.881 8.806 8.723 8.64 8.551 8.462 8.376 8.291 8.212 8.135 8.064 7.995 7.933 7.873 7.819
13.17 13.17 13.15 13.13 13.07 13.01 12.92 12.82 12.71 12.6 12.51 12.41 12.32 12.22 12.11 12 11.9 11.79 11.7 11.61 11.55 11.5 11.48 11.46 11.47 11.48 11.51 11.54 11.58 11.63 11.68 11.73 11.8 11.86 11.94 12.01 12.07 12.13 12.15 12.18 12.17 12.16 12.1 12.03 11.87 11.68 11.39 11.09 10.76 10.45 10.17 9.908 9.712 9.533 9.421 9.318 9.252 9.187 9.13 9.072 9.009 8.943 8.869 8.793 8.71 8.626 8.537 8.449 8.363 8.278 8.199 8.122 8.05 7.981 7.92 7.861 7.809
13.16 13.17 13.18 13.18 13.15 13.12 13.05 12.97 12.88 12.79 12.7 12.61 12.51 12.41 12.3 12.19 12.08 11.97 11.88 11.78 11.72 11.66 11.63 11.6 11.6 11.6 11.61 11.62 11.64 11.66 11.7 11.74 11.8 11.86 11.93 12 12.06 12.11 12.13 12.15 12.15 12.13 12.08 12.02 11.86 11.69 11.41 11.13 10.81 10.5 10.22 9.956 9.752 9.565 9.446 9.337 9.264 9.194 9.132 9.069 9.002 8.934 8.858 8.78 8.696 8.611 8.524 8.436 8.351 8.266 8.187 8.11 8.038 7.968 7.908 7.85 7.799
13.05 13.07 13.1 13.13 13.14 13.14 13.1 13.06 12.99 12.92 12.83 12.74 12.65 12.55 12.44 12.33 12.22 12.11 12.01 11.91 11.84 11.77 11.74 11.7 11.69 11.67 11.66 11.65 11.65 11.66 11.68 11.71 11.76 11.81 11.88 11.94 11.99 12.04 12.06 12.08 12.07 12.06 12.01 11.95 11.81 11.65 11.39 11.12 10.82 10.52 10.25 9.989 9.783 9.593 9.47 9.355 9.277 9.202 9.136 9.069 8.998 8.926 8.847 8.767 8.682 8.597 8.51 8.424 8.339 8.256 8.177 8.099 8.027 7.959 7.9 7.843 7.793
12.9 12.94 13 13.06 13.1 13.14 13.13 13.11 13.06 13.01 12.93 12.85 12.76 12.66 12.55 12.44 12.33 12.22 12.12 12.02 11.94 11.87 11.83 11.78 11.75 11.72 11.69 11.66 11.65 11.64 11.65 11.67 11.71 11.76 11.81 11.87 11.92 11.97 11.98 11.99 11.99 11.97 11.93 11.87 11.74 11.59 11.35 11.1 10.81 10.53 10.27 10.02 9.81 9.62 9.493 9.375 9.292 9.211 9.14 9.069 8.995 8.919 8.837 8.755 8.669 8.583 8.497 8.411 8.328 8.246 8.167 8.09 8.019 7.95 7.892 7.836 7.787
12.69 12.74 12.82 12.91 12.99 13.06 13.07 13.09 13.06 13.03 12.96 12.89 12.8 12.71 12.6 12.5 12.39 12.28 12.17 12.07 11.99 11.92 11.87 11.82 11.77 11.73 11.69 11.64 11.61 11.59 11.59 11.6 11.64 11.67 11.72 11.78 11.82 11.86 11.87 11.88 11.87 11.85 11.81 11.76 11.64 11.5 11.28 11.05 10.79 10.52 10.27 10.03 9.828 9.642 9.515 9.396 9.308 9.223 9.148 9.071 8.993 8.913 8.83 8.745 8.658 8.572 8.486 8.401 8.318 8.236 8.159 8.082 8.012 7.945 7.887 7.832 7.785
12.48 12.53 12.64 12.74 12.85 12.94 12.99 13.03 13.03 13.02 12.97 12.91 12.83 12.74 12.64 12.54 12.43 12.32 12.21 12.11 12.03 11.95 11.89 11.83 11.78 11.72 11.67 11.61 11.58 11.54 11.54 11.54 11.56 11.59 11.64 11.68 11.72 11.76 11.76 11.77 11.75 11.74 11.7 11.65 11.54 11.41 11.21 11 10.76 10.51 10.27 10.04 9.847 9.666 9.538 9.417 9.325 9.235 9.155 9.074 8.992 8.909 8.823 8.737 8.649 8.562 8.476 8.391 8.308 8.227 8.15 8.075 8.006 7.939 7.883 7.829 7.783
12.26 12.31 12.42 12.53 12.65 12.76 12.83 12.89 12.92 12.93 12.9 12.87 12.8 12.73 12.63 12.53 12.42 12.31 12.21 12.11 12.02 11.93 11.86 11.8 11.74 11.68 11.63 11.57 11.54 11.5 11.49 11.49 11.5 11.52 11.56 11.59 11.62 11.64 11.65 11.65 11.64 11.62 11.59 11.54 11.44 11.33 11.14 10.95 10.73 10.5 10.28 10.06 9.868 9.691 9.562 9.44 9.343 9.249 9.164 9.078 8.992 8.906 8.818 8.731 8.642 8.553 8.466 8.381 8.298 8.218 8.141 8.067 7.999 7.934 7.879 7.827 7.781
12.06 12.1 12.21 12.32 12.44 12.56 12.66 12.75 12.8 12.84 12.83 12.82 12.76 12.7 12.61 12.52 12.41 12.3 12.2 12.09 12 11.91 11.83 11.76 11.7 11.64 11.58 11.53 11.5 11.47 11.45 11.44 11.45 11.46 11.48 11.51 11.53 11.54 11.54 11.54 11.53 11.51 11.48 11.44 11.35 11.24 11.08 10.91 10.7 10.49 10.28 10.07 9.888 9.716 9.586 9.461 9.36 9.262 9.172 9.082 8.993 8.904 8.815 8.725 8.635 8.545 8.458 8.371 8.289 8.208 8.133 8.059 7.992 7.928 7.875 7.825 7.78
11.89 11.92 12.02 12.12 12.24 12.36 12.47 12.58 12.65 12.72 12.73 12.74 12.7 12.66 12.57 12.48 12.37 12.27 12.16 12.05 11.96 11.86 11.78 11.7 11.64 11.58 11.54 11.49 11.46 11.44 11.42 11.41 11.41 11.42 11.43 11.44 11.45 11.45 11.45 11.45 11.44 11.42 11.39 11.35 11.27 11.17 11.03 10.87 10.68 10.48 10.28 10.09 9.907 9.739 9.607 9.481 9.377 9.274 9.18 9.086 8.995 8.904 8.812 8.72 8.628 8.538 8.45 8.363 8.281 8.2 8.124 8.051 7.985 7.922 7.871 7.821 7.778
11.74 11.76 11.85 11.94 12.06 12.17 12.3 12.43 12.52 12.6 12.64 12.67 12.64 12.61 12.53 12.44 12.33 12.23 12.12 12.01 11.92 11.82 11.74 11.65 11.59 11.53 11.49 11.46 11.44 11.41 11.4 11.39 11.38 11.38 11.39 11.39 11.39 11.38 11.38 11.37 11.36 11.34 11.31 11.27 11.2 11.11 10.97 10.83 10.65 10.47 10.28 10.1 9.925 9.761 9.628 9.501 9.393 9.287 9.188 9.091 8.997 8.903 8.809 8.715 8.623 8.532 8.444 8.357 8.274 8.193 8.118 8.045 7.98 7.918 7.868 7.819 7.778
11.64 11.66 11.73 11.81 11.93 12.04 12.18 12.31 12.41 12.51 12.56 12.6 12.58 12.56 12.48 12.39 12.29 12.18 12.07 11.97 11.87 11.78 11.7 11.62 11.55 11.5 11.46 11.43 11.42 11.4 11.39 11.37 11.37 11.37 11.36 11.36 11.36 11.35 11.34 11.33 11.31 11.29 11.26 11.22 11.14 11.06 10.93 10.8 10.63 10.46 10.28 10.11 9.941 9.782 9.649 9.52 9.408 9.299 9.197 9.096 8.999 8.903 8.807 8.712 8.619 8.527 8.44 8.353 8.271 8.19 8.115 8.043 7.98 7.919 7.869 7.821 7.78
11.55 11.57 11.64 11.71 11.82 11.93 12.07 12.2 12.32 12.42 12.49 12.54 12.53 12.51 12.43 12.35 12.24 12.13 12.03 11.92 11.83 11.74 11.66 11.59 11.53 11.47 11.44 11.42 11.4 11.39 11.37 11.36 11.36 11.35 11.35 11.34 11.33 11.32 11.31 11.29 11.27 11.24 11.21 11.16 11.09 11.01 10.89 10.76 10.61 10.45 10.28 10.11 9.954 9.8 9.666 9.537 9.422 9.309 9.204 9.1 9 8.902 8.805 8.71 8.616 8.524 8.436 8.35 8.269 8.189 8.114 8.043 7.981 7.921 7.871 7.823 7.782
11.5 11.52 11.58 11.65 11.76 11.87 12 12.14 12.25 12.37 12.44 12.5 12.5 12.48 12.4 12.31 12.2 12.09 11.99 11.89 11.8 11.71 11.64 11.57 11.51 11.46 11.43 11.41 11.39 11.38 11.37 11.36 11.36 11.35 11.35 11.34 11.33 11.32 11.3 11.27 11.24 11.21 11.17 11.12 11.05 10.97 10.85 10.73 10.58 10.43 10.27 10.11 9.961 9.812 9.679 9.549 9.431 9.315 9.207 9.1 8.999 8.9 8.803 8.707 8.613 8.521 8.434 8.349 8.269 8.19 8.117 8.046 7.985 7.926 7.875 7.826 7.784
11.46 11.47 11.53 11.6 11.71 11.81 11.95 12.08 12.2 12.32 12.39 12.46 12.47 12.46 12.37 12.28 12.17 12.06 11.96 11.86 11.77 11.69 11.62 11.55 11.5 11.45 11.43 11.4 11.39 11.38 11.37 11.36 11.36 11.35 11.35 11.34 11.33 11.31 11.28 11.25 11.22 11.18 11.13 11.08 11 10.92 10.81 10.7 10.56 10.42 10.26 10.11 9.965 9.82 9.687 9.557 9.436 9.318 9.207 9.099 8.997 8.896 8.799 8.703 8.61 8.518 8.432 8.348 8.269 8.191 8.12 8.051 7.99 7.931 7.88 7.831 7.788
11.43 11.44 11.5 11.57 11.67 11.78 11.91 12.04 12.16 12.28 12.36 12.44 12.44 12.44 12.35 12.27 12.15 12.04 11.94 11.85 11.76 11.68 11.61 11.54 11.49 11.45 11.42 11.4 11.39 11.38 11.37 11.37 11.36 11.36 11.35 11.34 11.33 11.31 11.27 11.23 11.19 11.14 11.09 11.03 10.96 10.88 10.77 10.66 10.53 10.39 10.25 10.11 9.964 9.823 9.689 9.557 9.434 9.314 9.202 9.092 8.989 8.888 8.792 8.696 8.604 8.514 8.43 8.347 8.269 8.193 8.123 8.056 7.996 7.938 7.888 7.839 7.795
11.41 11.42 11.48 11.54 11.64 11.75 11.88 12 12.13 12.25 12.34 12.41 12.42 12.42 12.34 12.26 12.14 12.03 11.93 11.83 11.75 11.67 11.6 11.53 11.49 11.44 11.42 11.4 11.39 11.38 11.37 11.37 11.37 11.36 11.35 11.34 11.31 11.29 11.25 11.2 11.15 11.1 11.04 10.98 10.9 10.82 10.72 10.61 10.49 10.37 10.23 10.1 9.958 9.82 9.686 9.553 9.429 9.306 9.193 9.081 8.979 8.877 8.782 8.688 8.598 8.509 8.427 8.346 8.27 8.196 8.127 8.061 8.002 7.946 7.895 7.846 7.802
11.4 11.4 11.46 11.52 11.62 11.73 11.85 11.98 12.1 12.22 12.32 12.4 12.41 12.42 12.34 12.26 12.15 12.03 11.93 11.83 11.75 11.66 11.59 11.53 11.48 11.44 11.41 11.39 11.38 11.37 11.37 11.36 11.36 11.35 11.34 11.32 11.29 11.25 11.21 11.16 11.1 11.05 10.98 10.92 10.84 10.76 10.66 10.56 10.45 10.33 10.21 10.08 9.943 9.809 9.675 9.542 9.415 9.29 9.176 9.064 8.962 8.861 8.768 8.676 8.589 8.503 8.423 8.344 8.271 8.199 8.132 8.067 8.009 7.952 7.903 7.855 7.812
11.39 11.39 11.44 11.5 11.6 11.71 11.83 11.95 12.08 12.2 12.29 12.38 12.4 12.41 12.34 12.26 12.15 12.04 11.93 11.83 11.74 11.66 11.59 11.52 11.47 11.43 11.4 11.38 11.37 11.36 11.35 11.35 11.34 11.32 11.3 11.28 11.24 11.21 11.16 11.1 11.04 10.98 10.92 10.85 10.77 10.69 10.6 10.51 10.4 10.29 10.17 10.05 9.923 9.793 9.659 9.526 9.397 9.272 9.157 9.045 8.943 8.844 8.753 8.663 8.58 8.497 8.42 8.344 8.272 8.202 8.137 8.073 8.016 7.96 7.912 7.864 7.822
11.4 11.38 11.44 11.49 11.59 11.69 11.81 11.93 12.05 12.17 12.27 12.35 12.38 12.39 12.33 12.26 12.15 12.04 11.94 11.83 11.74 11.65 11.58 11.51 11.46 11.42 11.39 11.37 11.35 11.34 11.32 11.31 11.29 11.27 11.24 11.21 11.17 11.13 11.08 11.02 10.96 10.9 10.83 10.76 10.69 10.61 10.53 10.44 10.34 10.24 10.13 10.01 9.89 9.765 9.632 9.5 9.372 9.247 9.133 9.022 8.922 8.825 8.736 8.65 8.57 8.492 8.417 8.344 8.275 8.207 8.143 8.081 8.024 7.97 7.921 7.874 7.832
11.4 11.38 11.43 11.48 11.57 11.67 11.78 11.9 12.02 12.14 12.23 12.32 12.35 12.37 12.32 12.25 12.15 12.05 11.94 11.84 11.74 11.65 11.57 11.5 11.45 11.4 11.38 11.35 11.33 11.31 11.29 11.26 11.23 11.2 11.16 11.13 11.09 11.04 10.99 10.93 10.87 10.81 10.74 10.67 10.6 10.53 10.45 10.37 10.28 10.18 10.08 9.972 9.852 9.73 9.6 9.47 9.343 9.219 9.107 8.998 8.9 8.805 8.72 8.637 8.562 8.487 8.415 8.345 8.278 8.212 8.15 8.089 8.033 7.98 7.932 7.885 7.842
11.41 11.38 11.42 11.46 11.55 11.64 11.75 11.86 11.98 12.1 12.2 12.29 12.32 12.34 12.29 12.24 12.14 12.04 11.94 11.84 11.74 11.64 11.56 11.49 11.44 11.39 11.36 11.33 11.31 11.28 11.24 11.2 11.15 11.11 11.07 11.02 10.98 10.93 10.88 10.83 10.77 10.71 10.64 10.57 10.51 10.44 10.36 10.29 10.2 10.12 10.02 9.916 9.801 9.684 9.556 9.43 9.305 9.184 9.076 8.971 8.877 8.786 8.705 8.626 8.554 8.483 8.414 8.347 8.282 8.218 8.158 8.099 8.044 7.99 7.943 7.897 7.854
11.42 11.38 11.41 11.45 11.53 11.62 11.72 11.83 11.94 12.05 12.15 12.24 12.28 12.31 12.27 12.22 12.13 12.04 11.93 11.83 11.73 11.64 11.56 11.48 11.42 11.37 11.34 11.31 11.28 11.25 11.19 11.14 11.08 11.02 10.97 10.92 10.87 10.83 10.77 10.72 10.66 10.6 10.54 10.47 10.41 10.34 10.27 10.2 10.12 10.04 9.951 9.855 9.745 9.633 9.509 9.387 9.266 9.149 9.045 8.944 8.854 8.767 8.69 8.615 8.547 8.479 8.414 8.349 8.286 8.225 8.166 8.109 8.054 8.002 7.955 7.909 7.867
