small_test/Gr.grd
DSAA
926 532
0.0 231250.0
0.0 132750.0
-13.189053535461 28.102787017822
[rows 306 to 339 of 532, columns 231 to 307 of 926]
7.84 7.804 7.769 7.74 7.714 7.695 7.677 7.663 7.649 7.637 7.626 7.621 7.619 7.625 7.633 7.648 7.666 7.689 7.715 7.75 7.79 7.841 7.897 7.965 8.038 8.125 8.216 8.316 8.42 8.532 8.646 8.767 8.889 9.014 9.139 9.266 9.392 9.519 9.645 9.768 9.889 10.01 10.12 10.23 10.33 10.43 10.52 10.62 10.71 10.8 10.88 10.96 11.04 11.11 11.18 11.24 11.3 11.36 11.41 11.46 11.5 11.55 11.59 11.63 11.68 11.72 11.77 11.82 11.88 11.94 12 12.06 12.13 12.18 12.24 12.3 12.36
7.855 7.818 7.784 7.754 7.727 7.707 7.689 7.674 7.66 7.648 7.637 7.633 7.632 7.64 7.651 7.669 7.69 7.718 7.75 7.791 7.837 7.895 7.958 8.033 8.113 8.207 8.304 8.411 8.521 8.639 8.759 8.884 9.011 9.14 9.268 9.397 9.526 9.653 9.78 9.904 10.03 10.14 10.26 10.36 10.47 10.57 10.66 10.76 10.85 10.94 11.02 11.1 11.17 11.24 11.31 11.37 11.43 11.48 11.53 11.57 11.62 11.66 11.7 11.74 11.78 11.83 11.88 11.93 11.98 12.04 12.1 12.16 12.21 12.27 12.32 12.37 12.43
7.872 7.835 7.801 7.771 7.743 7.722 7.702 7.686 7.672 7.66 7.65 7.647 7.647 7.657 7.67 7.692 7.718 7.752 7.789 7.838 7.891 7.957 8.028 8.11 8.198 8.298 8.402 8.514 8.63 8.753 8.879 9.009 9.139 9.27 9.401 9.531 9.66 9.787 9.914 10.04 10.16 10.28 10.39 10.5 10.61 10.71 10.81 10.9 10.99 11.08 11.16 11.23 11.31 11.37 11.44 11.49 11.55 11.6 11.65 11.69 11.73 11.77 11.81 11.85 11.89 11.94 11.98 12.03 12.08 12.14 12.2 12.25 12.3 12.35 12.4 12.45 12.5
7.892 7.855 7.819 7.789 7.761 7.738 7.718 7.701 7.686 7.675 7.666 7.664 7.666 7.677 7.693 7.719 7.749 7.789 7.833 7.889 7.95 8.023 8.102 8.192 8.287 8.394 8.504 8.622 8.743 8.872 9.003 9.137 9.27 9.403 9.536 9.665 9.794 9.922 10.05 10.17 10.3 10.41 10.53 10.64 10.75 10.85 10.96 11.05 11.14 11.22 11.3 11.37 11.44 11.5 11.56 11.62 11.67 11.72 11.77 11.81 11.85 11.89 11.92 11.96 12 12.05 12.09 12.14 12.19 12.24 12.29 12.34 12.39 12.43 12.48 12.53 12.58
7.917 7.878 7.842 7.811 7.781 7.758 7.736 7.72 7.705 7.694 7.687 7.687 7.691 7.705 7.724 7.754 7.788 7.835 7.886 7.95 8.018 8.099 8.184 8.281 8.383 8.497 8.615 8.738 8.865 9 9.135 9.272 9.408 9.541 9.673 9.802 9.93 10.06 10.18 10.31 10.43 10.55 10.67 10.78 10.9 11 11.11 11.2 11.29 11.37 11.45 11.51 11.58 11.64 11.69 11.75 11.8 11.85 11.89 11.93 11.97 12.01 12.05 12.09 12.13 12.17 12.21 12.26 12.3 12.34 12.39 12.43 12.47 12.51 12.55 12.6 12.66
7.945 7.906 7.868 7.836 7.806 7.782 7.76 7.744 7.729 7.72 7.713 7.716 7.723 7.74 7.762 7.795 7.835 7.888 7.947 8.017 8.093 8.181 8.273 8.376 8.484 8.606 8.73 8.86 8.993 9.132 9.271 9.41 9.547 9.68 9.811 9.939 10.07 10.19 10.32 10.44 10.57 10.69 10.81 10.93 11.04 11.15 11.26 11.36 11.44 11.52 11.59 11.65 11.72 11.77 11.82 11.87 11.92 11.97 12.02 12.06 12.1 12.14 12.18 12.21 12.25 12.29 12.33 12.37 12.41 12.44 12.48 12.52 12.56 12.59 12.63 12.68 12.74
7.981 7.941 7.902 7.868 7.836 7.813 7.792 7.777 7.763 7.755 7.75 7.755 7.765 7.787 7.813 7.851 7.895 7.956 8.021 8.098 8.181 8.274 8.372 8.481 8.595 8.725 8.856 8.991 9.128 9.271 9.413 9.552 9.689 9.821 9.95 10.08 10.2 10.33 10.46 10.58 10.71 10.83 10.96 11.08 11.19 11.31 11.41 11.51 11.6 11.66 11.73 11.79 11.85 11.9 11.95 12 12.05 12.1 12.14 12.19 12.23 12.27 12.31 12.34 12.38 12.41 12.45 12.48 12.52 12.55 12.58 12.61 12.64 12.68 12.72 12.77 12.82
8.022 7.981 7.942 7.907 7.875 7.853 7.832 7.817 7.805 7.798 7.796 7.804 7.816 7.842 7.873 7.916 7.966 8.033 8.105 8.188 8.276 8.376 8.48 8.594 8.715 8.85 8.987 9.127 9.268 9.412 9.555 9.695 9.831 9.961 10.09 10.22 10.34 10.47 10.6 10.72 10.85 10.98 11.11 11.23 11.34 11.46 11.56 11.66 11.74 11.8 11.86 11.92 11.97 12.02 12.07 12.12 12.17 12.22 12.27 12.31 12.36 12.4 12.44 12.48 12.51 12.54 12.57 12.6 12.63 12.65 12.67 12.7 12.73 12.77 12.81 12.86 12.92
8.072 8.032 7.993 7.959 7.927 7.905 7.885 7.872 7.861 7.857 7.857 7.867 7.883 7.915 7.951 8.001 8.057 8.13 8.207 8.294 8.387 8.492 8.601 8.722 8.849 8.989 9.129 9.271 9.414 9.558 9.699 9.837 9.972 10.1 10.23 10.35 10.48 10.61 10.74 10.87 11 11.13 11.26 11.38 11.49 11.6 11.7 11.79 11.87 11.93 11.99 12.04 12.09 12.14 12.19 12.25 12.3 12.35 12.4 12.44 12.49 12.53 12.57 12.61 12.64 12.66 12.69 12.71 12.74 12.76 12.78 12.8 12.83 12.87 12.91 12.97 13.03
8.127 8.088 8.051 8.018 7.988 7.966 7.948 7.936 7.928 7.927 7.93 7.944 7.963 8 8.042 8.098 8.159 8.236 8.317 8.409 8.506 8.615 8.73 8.856 8.988 9.131 9.275 9.419 9.562 9.704 9.843 9.978 10.11 10.24 10.37 10.5 10.63 10.76 10.89 11.02 11.16 11.29 11.41 11.53 11.64 11.74 11.84 11.92 11.99 12.05 12.1 12.15 12.21 12.26 12.31 12.37 12.42 12.47 12.53 12.57 12.62 12.66 12.7 12.74 12.77 12.79 12.81 12.83 12.85 12.87 12.89 12.91 12.94 12.98 13.03 13.09 13.16
8.192 8.154 8.119 8.089 8.061 8.042 8.026 8.018 8.014 8.017 8.024 8.042 8.066 8.108 8.155 8.216 8.282 8.361 8.445 8.539 8.639 8.752 8.871 9.001 9.136 9.282 9.427 9.571 9.713 9.851 9.986 10.12 10.25 10.38 10.51 10.64 10.77 10.91 11.04 11.18 11.31 11.44 11.57 11.68 11.78 11.88 11.96 12.03 12.1 12.15 12.21 12.26 12.32 12.37 12.43 12.49 12.55 12.61 12.66 12.71 12.76 12.8 12.84 12.88 12.91 12.93 12.95 12.96 12.98 12.99 13.01 13.04 13.07 13.11 13.17 13.23 13.3
8.261 8.226 8.194 8.167 8.144 8.128 8.115 8.111 8.111 8.119 8.131 8.154 8.183 8.229 8.28 8.344 8.413 8.494 8.58 8.676 8.779 8.895 9.016 9.149 9.286 9.432 9.577 9.72 9.86 9.993 10.13 10.26 10.39 10.52 10.65 10.79 10.92 11.06 11.2 11.33 11.46 11.59 11.71 11.82 11.92 12 12.08 12.14 12.21 12.26 12.31 12.37 12.43 12.49 12.56 12.62 12.68 12.74 12.8 12.85 12.9 12.95 12.99 13.02 13.05 13.07 13.09 13.1 13.12 13.13 13.15 13.18 13.21 13.26 13.31 13.38 13.44
8.338 8.309 8.281 8.26 8.241 8.23 8.222 8.223 8.228 8.243 8.261 8.29 8.324 8.373 8.426 8.491 8.561 8.642 8.727 8.825 8.929 9.048 9.17 9.303 9.439 9.582 9.724 9.863 9.999 10.13 10.26 10.39 10.52 10.66 10.8 10.94 11.08 11.22 11.35 11.49 11.61 11.73 11.84 11.94 12.03 12.11 12.18 12.24 12.3 12.36 12.42 12.48 12.55 12.62 12.69 12.76 12.82 12.89 12.95 13 13.05 13.1 13.14 13.18 13.21 13.23 13.25 13.27 13.28 13.3 13.32 13.35 13.38 13.42 13.47 13.54 13.6
8.42 8.395 8.373 8.357 8.343 8.337 8.335 8.342 8.353 8.374 8.398 8.432 8.471 8.523 8.578 8.644 8.713 8.793 8.878 8.976 9.081 9.201 9.324 9.457 9.591 9.73 9.867 10 10.13 10.26 10.39 10.52 10.66 10.8 10.94 11.09 11.23 11.37 11.51 11.63 11.75 11.87 11.97 12.06 12.14 12.21 12.27 12.33 12.39 12.46 12.52 12.59 12.66 12.74 12.82 12.9 12.97 13.03 13.1 13.15 13.21 13.26 13.3 13.34 13.38 13.4 13.43 13.44 13.46 13.48 13.5 13.53 13.56 13.6 13.65 13.7 13.76
8.508 8.49 8.473 8.462 8.455 8.456 8.46 8.473 8.491 8.517 8.548 8.587 8.63 8.683 8.739 8.804 8.872 8.95 9.033 9.131 9.235 9.354 9.478 9.608 9.74 9.873 10 10.13 10.26 10.39 10.52 10.65 10.79 10.94 11.09 11.24 11.38 11.52 11.65 11.77 11.89 11.98 12.08 12.16 12.23 12.29 12.36 12.42 12.48 12.55 12.63 12.71 12.79 12.88 12.96 13.04 13.12 13.19 13.25 13.31 13.37 13.42 13.47 13.51 13.55 13.58 13.61 13.64 13.66 13.68 13.7 13.73 13.75 13.79 13.83 13.88 13.92
8.599 8.585 8.574 8.57 8.568 8.575 8.586 8.605 8.628 8.661 8.696 8.74 8.786 8.841 8.898 8.962 9.029 9.106 9.188 9.285 9.388 9.506 9.628 9.756 9.884 10.01 10.14 10.26 10.39 10.51 10.64 10.78 10.92 11.07 11.23 11.38 11.53 11.66 11.79 11.9 12.01 12.09 12.18 12.25 12.32 12.38 12.44 12.51 12.58 12.66 12.74 12.83 12.92 13.01 13.1 13.19 13.27 13.34 13.41 13.47 13.53 13.58 13.63 13.68 13.73 13.77 13.8 13.83 13.86 13.88 13.9 13.93 13.95 13.98 14.01 14.05 14.08
8.693 8.684 8.678 8.679 8.684 8.697 8.714 8.739 8.767 8.804 8.843 8.889 8.938 8.994 9.052 9.116 9.184 9.261 9.343 9.438 9.538 9.654 9.772 9.896 10.02 10.14 10.26 10.39 10.51 10.64 10.77 10.91 11.06 11.21 11.36 11.51 11.66 11.78 11.9 12.01 12.1 12.18 12.26 12.33 12.39 12.46 12.53 12.6 12.68 12.76 12.85 12.95 13.05 13.15 13.24 13.33 13.42 13.49 13.56 13.62 13.68 13.74 13.8 13.85 13.9 13.95 13.99 14.02 14.06 14.08 14.11 14.14 14.16 14.18 14.21 14.23 14.25
8.787 8.784 8.782 8.789 8.799 8.818 8.84 8.87 8.903 8.943 8.985 9.034 9.085 9.141 9.201 9.266 9.334 9.411 9.492 9.586 9.685 9.797 9.911 10.03 10.15 10.27 10.39 10.51 10.64 10.77 10.9 11.05 11.19 11.34 11.49 11.64 11.78 11.9 12.01 12.11 12.19 12.26 12.33 12.4 12.47 12.54 12.61 12.69 12.78 12.87 12.97 13.07 13.18 13.28 13.38 13.47 13.56 13.63 13.71 13.77 13.83 13.9 13.96 14.01 14.07 14.12 14.17 14.21 14.25 14.28 14.31 14.34 14.36 14.38 14.39 14.4 14.4
8.883 8.883 8.886 8.897 8.912 8.936 8.963 8.997 9.034 9.075 9.12 9.17 9.222 9.28 9.34 9.406 9.476 9.553 9.635 9.728 9.824 9.932 10.04 10.16 10.27 10.39 10.51 10.64 10.76 10.9 11.04 11.18 11.33 11.47 11.62 11.76 11.88 11.99 12.1 12.18 12.26 12.33 12.4 12.47 12.53 12.61 12.69 12.79 12.88 12.98 13.09 13.2 13.31 13.41 13.52 13.61 13.7 13.77 13.85 13.91 13.98 14.04 14.11 14.17 14.23 14.28 14.34 14.38 14.43 14.47 14.5 14.53 14.55 14.56 14.56 14.56 14.55
8.978 8.982 8.989 9.005 9.024 9.053 9.084 9.121 9.16 9.204 9.25 9.302 9.356 9.414 9.476 9.542 9.612 9.69 9.772 9.863 9.958 10.06 10.17 10.28 10.4 10.51 10.63 10.76 10.89 11.03 11.17 11.32 11.46 11.6 11.74 11.87 11.98 12.08 12.18 12.26 12.33 12.4 12.46 12.53 12.61 12.69 12.78 12.88 12.98 13.09 13.2 13.32 13.43 13.54 13.64 13.74 13.83 13.9 13.98 14.05 14.11 14.18 14.25 14.31 14.38 14.44 14.5 14.55 14.6 14.64 14.68 14.7 14.72 14.73 14.72 14.7 14.68
9.074 9.082 9.093 9.111 9.134 9.166 9.2 9.239 9.281 9.326 9.374 9.427 9.482 9.542 9.604 9.671 9.741 9.819 9.9 9.99 10.08 10.18 10.29 10.4 10.51 10.64 10.76 10.89 11.03 11.17 11.31 11.46 11.6 11.73 11.85 11.96 12.07 12.16 12.24 12.32 12.39 12.46 12.53 12.6 12.68 12.77 12.87 12.97 13.08 13.2 13.31 13.43 13.54 13.65 13.75 13.85 13.94 14.02 14.09 14.16 14.24 14.31 14.38 14.45 14.52 14.58 14.64 14.7 14.75 14.79 14.83 14.85 14.87 14.87 14.85 14.82 14.78
9.17 9.181 9.195 9.217 9.242 9.276 9.313 9.355 9.398 9.445 9.494 9.548 9.604 9.666 9.729 9.796 9.867 9.944 10.02 10.11 10.2 10.3 10.41 10.52 10.63 10.76 10.89 11.02 11.16 11.31 11.45 11.59 11.72 11.84 11.96 12.06 12.15 12.23 12.3 12.37 12.44 12.51 12.59 12.67 12.75 12.85 12.95 13.06 13.17 13.29 13.41 13.53 13.64 13.75 13.86 13.95 14.04 14.12 14.2 14.27 14.35 14.42 14.5 14.57 14.64 14.71 14.77 14.83 14.88 14.93 14.96 14.98 14.99 14.98 14.96 14.92 14.87
9.265 9.28 9.297 9.32 9.347 9.384 9.422 9.465 9.509 9.558 9.609 9.664 9.722 9.784 9.848 9.916 9.986 10.06 10.14 10.23 10.32 10.42 10.52 10.63 10.75 10.88 11.01 11.16 11.3 11.44 11.59 11.72 11.85 11.95 12.05 12.14 12.22 12.29 12.36 12.43 12.5 12.57 12.65 12.73 12.82 12.93 13.03 13.14 13.26 13.38 13.5 13.62 13.73 13.84 13.94 14.04 14.13 14.21 14.29 14.37 14.44 14.52 14.6 14.68 14.75 14.82 14.89 14.94 14.99 15.03 15.06 15.08 15.08 15.06 15.04 14.99 14.93
9.36 9.378 9.397 9.423 9.451 9.489 9.529 9.573 9.619 9.67 9.722 9.779 9.837 9.901 9.965 10.03 10.1 10.18 10.26 10.35 10.44 10.53 10.64 10.75 10.87 11.01 11.14 11.29 11.43 11.57 11.71 11.84 11.96 12.05 12.14 12.22 12.29 12.35 12.42 12.48 12.55 12.63 12.71 12.8 12.89 13 13.11 13.22 13.34 13.46 13.58 13.7 13.81 13.92 14.02 14.11 14.2 14.29 14.37 14.45 14.53 14.61 14.69 14.77 14.85 14.92 14.98 15.04 15.08 15.12 15.14 15.15 15.15 15.12 15.09 15.04 14.97
9.455 9.474 9.495 9.522 9.552 9.592 9.633 9.678 9.725 9.778 9.832 9.89 9.95 10.01 10.08 10.15 10.22 10.29 10.37 10.46 10.55 10.65 10.75 10.87 11 11.13 11.27 11.42 11.56 11.7 11.82 11.94 12.05 12.13 12.21 12.28 12.35 12.41 12.47 12.54 12.61 12.69 12.77 12.86 12.96 13.07 13.17 13.29 13.4 13.53 13.65 13.76 13.87 13.98 14.08 14.17 14.26 14.34 14.43 14.51 14.59 14.68 14.76 14.85 14.92 14.99 15.05 15.1 15.14 15.17 15.19 15.19 15.18 15.14 15.1 15.04 14.97
9.551 9.572 9.595 9.623 9.654 9.695 9.737 9.783 9.831 9.885 9.941 10 10.06 10.13 10.19 10.26 10.33 10.41 10.49 10.57 10.67 10.77 10.87 11 11.12 11.26 11.4 11.54 11.68 11.81 11.93 12.03 12.13 12.2 12.28 12.34 12.4 12.47 12.53 12.6 12.67 12.75 12.83 12.92 13.02 13.13 13.24 13.35 13.46 13.58 13.7 13.82 13.93 14.03 14.13 14.22 14.3 14.39 14.48 14.56 14.65 14.73 14.82 14.9 14.98 15.05 15.11 15.15 15.19 15.2 15.21 15.2 15.18 15.15 15.1 15.03 14.95
9.649 9.672 9.696 9.725 9.757 9.798 9.84 9.887 9.937 9.992 10.05 10.11 10.17 10.24 10.3 10.37 10.44 10.52 10.6 10.69 10.78 10.89 11 11.12 11.25 11.39 11.53 11.66 11.79 11.9 12.01 12.1 12.19 12.26 12.33 12.39 12.46 12.52 12.59 12.66 12.73 12.81 12.89 12.98 13.08 13.18 13.29 13.4 13.51 13.63 13.75 13.86 13.96 14.06 14.15 14.24 14.33 14.42 14.5 14.59 14.68 14.77 14.85 14.94 15.02 15.08 15.13 15.18 15.2 15.21 15.21 15.19 15.16 15.12 15.06 14.99 14.91
9.751 9.775 9.8 9.83 9.862 9.903 9.946 9.994 10.04 10.1 10.16 10.22 10.28 10.35 10.41 10.48 10.55 10.63 10.71 10.8 10.89 11 11.12 11.24 11.37 11.51 11.64 11.77 11.89 11.99 12.09 12.17 12.25 12.31 12.38 12.44 12.5 12.57 12.64 12.71 12.79 12.86 12.94 13.03 13.13 13.23 13.33 13.44 13.55 13.66 13.78 13.88 13.99 14.08 14.17 14.26 14.34 14.43 14.51 14.6 14.69 14.78 14.87 14.96 15.03 15.09 15.14 15.18 15.2 15.2 15.19 15.16 15.12 15.07 15.01 14.93 14.85
9.857 9.882 9.909 9.939 9.972 10.01 10.06 10.1 10.15 10.21 10.27 10.33 10.39 10.45 10.52 10.59 10.66 10.74 10.82 10.91 11.01 11.12 11.24 11.36 11.49 11.62 11.74 11.86 11.97 12.06 12.15 12.22 12.29 12.36 12.42 12.48 12.55 12.62 12.69 12.76 12.84 12.92 13 13.08 13.17 13.27 13.37 13.47 13.58 13.68 13.79 13.89 13.99 14.08 14.17 14.25 14.33 14.42 14.5 14.59 14.68 14.77 14.86 14.94 15.01 15.07 15.12 15.15 15.17 15.16 15.14 15.1 15.06 15 14.93 14.86 14.77
9.967 9.993 10.02 10.05 10.08 10.13 10.17 10.22 10.26 10.32 10.38 10.43 10.5 10.56 10.63 10.7 10.77 10.85 10.93 11.03 11.13 11.24 11.35 11.47 11.6 11.72 11.83 11.94 12.04 12.12 12.2 12.27 12.33 12.39 12.46 12.52 12.59 12.66 12.73 12.81 12.89 12.96 13.04 13.13 13.21 13.3 13.39 13.49 13.59 13.69 13.8 13.89 13.99 14.07 14.15 14.23 14.31 14.39 14.48 14.56 14.65 14.74 14.82 14.9 14.97 15.03 15.08 15.1 15.11 15.1 15.07 15.03 14.98 14.92 14.85 14.77 14.68
10.08 10.11 10.14 10.17 10.2 10.24 10.28 10.33 10.38 10.43 10.48 10.54 10.6 10.66 10.73 10.8 10.87 10.95 11.04 11.13 11.24 11.35 11.46 11.58 11.69 11.8 11.91 12.01 12.1 12.17 12.24 12.3 12.36 12.43 12.49 12.56 12.62 12.7 12.77 12.85 12.93 13 13.08 13.16 13.24 13.32 13.41 13.5 13.59 13.69 13.78 13.87 13.96 14.04 14.12 14.2 14.27 14.35 14.43 14.51 14.59 14.68 14.76 14.83 14.9 14.96 15 15.03 15.03 15.01 14.98 14.94 14.88 14.82 14.75 14.67 14.58
10.2 10.23 10.25 10.28 10.32 10.35 10.39 10.44 10.49 10.54 10.59 10.64 10.7 10.76 10.83 10.9 10.97 11.05 11.14 11.24 11.34 11.45 11.56 11.67 11.78 11.88 11.98 12.06 12.14 12.21 12.27 12.33 12.39 12.45 12.52 12.58 12.65 12.73 12.81 12.89 12.96 13.04 13.11 13.18 13.26 13.34 13.42 13.5 13.59 13.68 13.76 13.85 13.93 14 14.08 14.15 14.22 14.3 14.37 14.45 14.52 14.6 14.68 14.75 14.81 14.86 14.9 14.93 14.93 14.91 14.87 14.83 14.77 14.71 14.64 14.56 14.48
10.33 10.35 10.37 10.4 10.43 10.47 10.51 10.55 10.6 10.64 10.69 10.74 10.8 10.86 10.92 10.99 11.06 11.14 11.23 11.33 11.43 11.54 11.64 11.75 11.85 11.94 12.03 12.11 12.18 12.24 12.3 12.35 12.41 12.47 12.54 12.6 12.68 12.75 12.83 12.91 12.98 13.06 13.13 13.2 13.27 13.34 13.42 13.5 13.57 13.65 13.73 13.81 13.88 13.95 14.02 14.09 14.16 14.23 14.29 14.37 14.44 14.5 14.57 14.63 14.69 14.74 14.77 14.79 14.79 14.77 14.74 14.7 14.64 14.58 14.51 14.44 14.36
10.45 10.47 10.49 10.52 10.55 10.58 10.62 10.66 10.7 10.74 10.79 10.84 10.89 10.95 11.01 11.08 11.15 11.23 11.31 11.41 11.5 11.61 11.72 11.82 11.91 12 12.08 12.14 12.21 12.26 12.32 12.37 12.43 12.49 12.55 12.62 12.69 12.77 12.85 12.93 13 13.07 13.14 13.21 13.27 13.34 13.41 13.48 13.55 13.62 13.69 13.76 13.83 13.9 13.96 14.02 14.09 14.15 14.21 14.27 14.34 14.4 14.46 14.51 14.56 14.6 14.63 14.64 14.65 14.63 14.6 14.56 14.51 14.45 14.39 14.32 14.24
