small_test/Gr.grd
DSAA
926 532
0.0 231250.0
0.0 132750.0
-13.189053535461 28.102787017822
[rows 272 to 305 of 532, columns 462 to 538 of 926]
7.433 7.361 7.286 7.192 7.092 6.974 6.85 6.713 6.572 6.401 6.22 6.017 5.806 5.606 5.409 5.25 5.104 4.987 4.878 4.774 4.671 4.564 4.457 4.344 4.229 4.113 3.996 3.883 3.771 3.67 3.572 3.483 3.398 3.318 3.24 3.165 3.091 3.023 2.957 2.893 2.831 2.772 2.714 2.657 2.601 2.548 2.497 2.449 2.401 2.357 2.313 2.273 2.234 2.199 2.165 2.133 2.101 2.07 2.039 2.008 1.976 1.943 1.91 1.872 1.834 1.793 1.752 1.705 1.657 1.609 1.562 1.521 1.48 1.446 1.413 1.381 1.349
7.09 7.023 6.953 6.866 6.773 6.662 6.545 6.414 6.278 6.114 5.939 5.743 5.539 5.346 5.156 5.003 4.863 4.751 4.648 4.549 4.452 4.351 4.249 4.139 4.025 3.909 3.792 3.68 3.569 3.471 3.376 3.292 3.21 3.132 3.057 2.983 2.911 2.844 2.779 2.716 2.654 2.596 2.539 2.484 2.429 2.38 2.332 2.288 2.244 2.203 2.163 2.126 2.09 2.058 2.027 1.998 1.969 1.941 1.912 1.883 1.854 1.823 1.791 1.757 1.721 1.684 1.646 1.604 1.561 1.52 1.478 1.44 1.403 1.371 1.339 1.306 1.274
6.74 6.673 6.603 6.517 6.426 6.318 6.203 6.075 5.94 5.782 5.615 5.432 5.242 5.063 4.888 4.745 4.614 4.507 4.409 4.314 4.221 4.122 4.022 3.912 3.799 3.683 3.567 3.457 3.349 3.256 3.166 3.086 3.009 2.935 2.863 2.792 2.722 2.657 2.594 2.533 2.472 2.416 2.361 2.309 2.257 2.212 2.168 2.127 2.087 2.05 2.013 1.98 1.947 1.919 1.892 1.865 1.839 1.812 1.785 1.757 1.729 1.7 1.67 1.639 1.606 1.572 1.538 1.501 1.464 1.427 1.391 1.356 1.322 1.289 1.257 1.224 1.192
6.39 6.322 6.252 6.166 6.075 5.967 5.852 5.724 5.591 5.439 5.281 5.111 4.938 4.775 4.616 4.485 4.364 4.263 4.168 4.076 3.985 3.887 3.787 3.677 3.564 3.449 3.335 3.229 3.127 3.039 2.955 2.88 2.808 2.739 2.671 2.603 2.536 2.474 2.413 2.353 2.295 2.241 2.188 2.139 2.09 2.048 2.008 1.97 1.933 1.899 1.866 1.836 1.807 1.782 1.758 1.734 1.709 1.684 1.658 1.631 1.604 1.576 1.548 1.519 1.489 1.458 1.428 1.396 1.363 1.331 1.299 1.267 1.235 1.202 1.17 1.137 1.105
6.038 5.971 5.9 5.81 5.713 5.599 5.478 5.346 5.211 5.067 4.919 4.768 4.616 4.475 4.337 4.22 4.111 4.015 3.923 3.83 3.736 3.634 3.53 3.419 3.305 3.195 3.087 2.99 2.896 2.816 2.74 2.673 2.607 2.544 2.482 2.419 2.357 2.299 2.242 2.186 2.13 2.079 2.029 1.983 1.937 1.898 1.86 1.824 1.788 1.757 1.726 1.699 1.672 1.65 1.629 1.606 1.582 1.557 1.531 1.504 1.476 1.449 1.422 1.395 1.367 1.34 1.312 1.284 1.255 1.225 1.195 1.163 1.132 1.1 1.068 1.037 1.006
5.685 5.617 5.544 5.449 5.346 5.225 5.098 4.964 4.827 4.691 4.555 4.424 4.294 4.173 4.056 3.953 3.854 3.763 3.673 3.578 3.481 3.375 3.265 3.154 3.042 2.938 2.837 2.75 2.666 2.595 2.528 2.468 2.41 2.354 2.298 2.242 2.185 2.131 2.079 2.026 1.973 1.925 1.879 1.835 1.791 1.754 1.718 1.684 1.649 1.619 1.591 1.566 1.541 1.521 1.502 1.48 1.457 1.431 1.405 1.378 1.35 1.323 1.296 1.27 1.245 1.22 1.195 1.169 1.143 1.115 1.086 1.055 1.024 0.9925 0.9611 0.9315 0.9022
5.326 5.257 5.18 5.078 4.967 4.838 4.703 4.568 4.434 4.308 4.187 4.075 3.968 3.868 3.771 3.68 3.59 3.501 3.411 3.311 3.208 3.096 2.982 2.874 2.766 2.673 2.584 2.51 2.439 2.378 2.32 2.269 2.22 2.173 2.127 2.079 2.03 1.983 1.936 1.888 1.839 1.794 1.75 1.708 1.666 1.629 1.594 1.559 1.524 1.495 1.467 1.442 1.419 1.399 1.38 1.357 1.334 1.308 1.281 1.253 1.224 1.197 1.169 1.145 1.121 1.097 1.074 1.049 1.023 0.9942 0.9644 0.9331 0.9016 0.8712 0.8409 0.813 0.7854
4.966 4.897 4.817 4.709 4.59 4.456 4.316 4.183 4.051 3.937 3.829 3.737 3.65 3.568 3.488 3.408 3.327 3.239 3.149 3.045 2.937 2.822 2.706 2.601 2.5 2.417 2.341 2.278 2.22 2.168 2.119 2.078 2.038 2 1.963 1.924 1.884 1.843 1.802 1.759 1.715 1.673 1.632 1.591 1.55 1.514 1.478 1.442 1.407 1.377 1.349 1.324 1.301 1.28 1.261 1.238 1.214 1.187 1.16 1.131 1.101 1.073 1.045 1.021 0.998 0.9755 0.9532 0.9282 0.9027 0.8727 0.8419 0.8101 0.7781 0.7484 0.7191 0.6925 0.6663
4.604 4.537 4.457 4.346 4.223 4.088 3.949 3.82 3.697 3.594 3.5 3.422 3.351 3.282 3.213 3.139 3.064 2.977 2.887 2.782 2.673 2.559 2.445 2.348 2.256 2.185 2.12 2.067 2.019 1.976 1.935 1.903 1.873 1.846 1.819 1.789 1.758 1.724 1.69 1.653 1.615 1.577 1.538 1.498 1.458 1.42 1.382 1.345 1.307 1.276 1.246 1.22 1.194 1.172 1.151 1.126 1.101 1.073 1.045 1.014 0.9841 0.9552 0.9265 0.9018 0.8779 0.855 0.8323 0.8064 0.78 0.7487 0.7166 0.684 0.6512 0.6218 0.593 0.5671 0.5415
4.238 4.173 4.093 3.982 3.858 3.725 3.59 3.47 3.355 3.265 3.183 3.118 3.06 3.001 2.943 2.875 2.804 2.719 2.63 2.527 2.418 2.309 2.199 2.11 2.028 1.967 1.912 1.868 1.828 1.793 1.76 1.736 1.715 1.696 1.679 1.658 1.635 1.609 1.582 1.551 1.519 1.484 1.449 1.41 1.37 1.331 1.291 1.252 1.213 1.179 1.147 1.119 1.092 1.067 1.044 1.018 0.9913 0.9622 0.9326 0.9017 0.8705 0.8405 0.8108 0.785 0.7599 0.7362 0.7128 0.6861 0.6588 0.6265 0.5935 0.5604 0.5272 0.4983 0.47 0.4447 0.4199
3.86 3.799 3.723 3.617 3.499 3.377 3.254 3.147 3.046 2.967 2.897 2.841 2.79 2.737 2.683 2.62 2.553 2.472 2.387 2.29 2.189 2.089 1.99 1.911 1.838 1.784 1.737 1.698 1.662 1.632 1.604 1.586 1.571 1.56 1.551 1.537 1.522 1.504 1.484 1.46 1.434 1.404 1.372 1.334 1.295 1.254 1.212 1.171 1.13 1.094 1.059 1.028 0.999 0.9718 0.945 0.9173 0.8893 0.8591 0.8285 0.7968 0.765 0.7335 0.7022 0.6744 0.6472 0.6218 0.5968 0.5691 0.541 0.5087 0.4757 0.443 0.4104 0.3821 0.3546 0.33 0.306
3.481 3.425 3.355 3.257 3.148 3.038 2.928 2.835 2.747 2.68 2.621 2.573 2.529 2.482 2.434 2.375 2.313 2.238 2.159 2.07 1.977 1.888 1.798 1.729 1.665 1.618 1.575 1.54 1.508 1.482 1.459 1.446 1.436 1.431 1.427 1.42 1.411 1.4 1.387 1.369 1.35 1.323 1.295 1.258 1.219 1.177 1.133 1.091 1.048 1.01 0.9727 0.94 0.9082 0.8783 0.8487 0.8191 0.7896 0.7583 0.7267 0.6944 0.6618 0.6291 0.5964 0.5666 0.5373 0.5101 0.4834 0.455 0.4263 0.3944 0.362 0.3303 0.2987 0.2716 0.2452 0.2219 0.199
3.099 3.052 2.992 2.908 2.814 2.72 2.627 2.548 2.475 2.419 2.369 2.329 2.292 2.251 2.209 2.157 2.102 2.035 1.965 1.887 1.807 1.729 1.651 1.589 1.532 1.488 1.448 1.414 1.382 1.359 1.337 1.326 1.317 1.315 1.314 1.311 1.306 1.3 1.293 1.28 1.265 1.242 1.217 1.182 1.143 1.1 1.056 1.013 0.9695 0.93 0.8913 0.8565 0.8227 0.79 0.7577 0.7263 0.6952 0.663 0.6305 0.5976 0.5646 0.5309 0.497 0.4653 0.4339 0.405 0.3765 0.3478 0.319 0.2886 0.258 0.2286 0.1994 0.1747 0.1506 0.1296 0.109
2.712 2.675 2.626 2.556 2.478 2.401 2.325 2.262 2.203 2.159 2.121 2.09 2.062 2.028 1.993 1.949 1.901 1.844 1.784 1.717 1.648 1.581 1.514 1.459 1.408 1.367 1.329 1.296 1.265 1.243 1.223 1.212 1.205 1.204 1.206 1.205 1.204 1.202 1.2 1.192 1.181 1.16 1.138 1.103 1.065 1.022 0.9769 0.9334 0.8901 0.8494 0.8093 0.7728 0.737 0.7019 0.667 0.6339 0.6011 0.5679 0.5345 0.5011 0.4677 0.4334 0.399 0.3659 0.3332 0.303 0.2733 0.2448 0.2165 0.1882 0.1597 0.133 0.1066 0.08432 0.06269 0.04396 0.02568
2.311 2.285 2.25 2.198 2.138 2.079 2.022 1.975 1.932 1.904 1.881 1.863 1.847 1.824 1.799 1.765 1.727 1.68 1.63 1.575 1.517 1.46 1.402 1.352 1.305 1.266 1.228 1.196 1.165 1.144 1.124 1.113 1.105 1.105 1.108 1.109 1.109 1.11 1.111 1.104 1.095 1.076 1.055 1.02 0.9826 0.9394 0.8949 0.8515 0.8084 0.7672 0.7263 0.6884 0.6511 0.6141 0.5772 0.5422 0.5077 0.4733 0.439 0.4053 0.3718 0.3379 0.304 0.2712 0.2385 0.2083 0.1786 0.1517 0.1252 0.1001 0.07515 0.05196 0.02907 0.009472 -0.009589 -0.0258 -0.04156
1.911 1.896 1.873 1.837 1.794 1.752 1.711 1.681 1.655 1.644 1.638 1.635 1.634 1.624 1.611 1.587 1.559 1.523 1.484 1.439 1.392 1.343 1.293 1.248 1.204 1.166 1.13 1.098 1.069 1.048 1.029 1.018 1.009 1.009 1.012 1.014 1.016 1.019 1.023 1.017 1.009 0.9909 0.9699 0.9361 0.899 0.8564 0.8125 0.7695 0.7268 0.6852 0.6438 0.6045 0.5658 0.5271 0.4884 0.4517 0.4154 0.3797 0.3442 0.3102 0.2767 0.2436 0.2107 0.1787 0.1469 0.1175 0.0886 0.06377 0.03968 0.01809 -0.003064 -0.02278 -0.04225 -0.05942 -0.07622 -0.09014 -0.1036
1.51 1.504 1.494 1.47 1.442 1.414 1.386 1.372 1.363 1.373 1.388 1.406 1.425 1.432 1.435 1.423 1.407 1.381 1.353 1.318 1.279 1.236 1.191 1.149 1.108 1.071 1.036 1.007 0.9787 0.9588 0.9413 0.9302 0.921 0.9212 0.924 0.9265 0.9288 0.9319 0.9352 0.9291 0.9206 0.9024 0.8816 0.8488 0.8129 0.7718 0.7293 0.6873 0.6453 0.6037 0.5621 0.522 0.4823 0.4423 0.4024 0.3638 0.3255 0.2882 0.2511 0.2169 0.1834 0.1521 0.1213 0.09183 0.06265 0.03579 0.009357 -0.01196 -0.03235 -0.04967 -0.06646 -0.08283 -0.09912 -0.1145 -0.1297 -0.1419 -0.1537
1.113 1.116 1.115 1.104 1.089 1.074 1.06 1.062 1.071 1.1 1.137 1.176 1.215 1.238 1.256 1.257 1.253 1.239 1.222 1.195 1.165 1.128 1.089 1.049 1.011 0.9761 0.9429 0.9155 0.8898 0.8714 0.8551 0.8441 0.8347 0.8344 0.8367 0.8389 0.841 0.8435 0.8462 0.8396 0.8305 0.8126 0.7925 0.7614 0.7275 0.6884 0.648 0.6072 0.5664 0.5249 0.4833 0.4425 0.4018 0.3606 0.3194 0.279 0.2387 0.1997 0.1609 0.1264 0.09286 0.06336 0.03467 0.00806 -0.01814 -0.04217 -0.06579 -0.08355 -0.1002 -0.1135 -0.1263 -0.1395 -0.1529 -0.1666 -0.1804 -0.191 -0.2011
0.7246 0.7325 0.739 0.7386 0.7356 0.7334 0.7315 0.7498 0.7756 0.8247 0.8824 0.9406 0.999 1.039 1.072 1.087 1.095 1.094 1.088 1.07 1.049 1.017 0.9824 0.947 0.9113 0.8799 0.8498 0.8256 0.8031 0.7868 0.7722 0.7616 0.7521 0.7507 0.7517 0.7522 0.7525 0.7531 0.7539 0.7463 0.7366 0.72 0.7017 0.6738 0.6436 0.6079 0.5709 0.5322 0.4931 0.4523 0.411 0.3697 0.3283 0.286 0.2435 0.2012 0.1589 0.1179 0.07721 0.04235 0.008681 -0.01897 -0.04544 -0.06856 -0.09104 -0.1115 -0.1316 -0.1457 -0.1587 -0.1686 -0.1779 -0.1886 -0.1996 -0.2119 -0.2245 -0.2338 -0.2427
0.349 0.3628 0.3771 0.3883 0.3981 0.4091 0.4205 0.4539 0.4955 0.5613 0.6362 0.7107 0.785 0.8389 0.8856 0.9135 0.935 0.945 0.9512 0.9426 0.9292 0.9035 0.874 0.8428 0.8112 0.7837 0.7573 0.7367 0.7177 0.7035 0.6907 0.6806 0.6712 0.6685 0.6679 0.6665 0.6649 0.6635 0.6623 0.6541 0.6441 0.6291 0.6127 0.5884 0.5622 0.5302 0.497 0.4607 0.4237 0.3837 0.3429 0.3011 0.2592 0.2157 0.1718 0.1276 0.08323 0.04045 -0.002017 -0.03726 -0.07104 -0.09701 -0.1214 -0.1412 -0.1601 -0.1772 -0.1939 -0.2048 -0.2146 -0.2215 -0.2279 -0.2363 -0.245 -0.256 -0.2673 -0.2756 -0.2834
0.002151 0.02303 0.04661 0.0711 0.09594 0.1217 0.1479 0.1943 0.2483 0.3243 0.4085 0.4917 0.5747 0.6379 0.6943 0.7339 0.7677 0.7894 0.8069 0.8077 0.8029 0.784 0.7604 0.7352 0.7094 0.6873 0.6662 0.6499 0.635 0.6233 0.6125 0.603 0.5939 0.5896 0.5868 0.5831 0.5791 0.5757 0.5724 0.5642 0.5546 0.5417 0.5279 0.5079 0.4863 0.4589 0.4301 0.397 0.3629 0.3241 0.2842 0.2422 0.1997 0.1548 0.1094 0.06333 0.01709 -0.02726 -0.07123 -0.1069 -0.1408 -0.1655 -0.1883 -0.205 -0.2206 -0.2346 -0.2483 -0.2569 -0.2647 -0.2698 -0.2745 -0.2809 -0.2877 -0.2973 -0.3073 -0.3149 -0.322
-0.3287 -0.2981 -0.2628 -0.223 -0.1815 -0.1399 -0.09826 -0.04005 0.02439 0.1069 0.1962 0.2841 0.3715 0.4413 0.5047 0.5542 0.5989 0.6312 0.6593 0.6693 0.6734 0.662 0.6455 0.6273 0.6085 0.5925 0.5773 0.5654 0.5544 0.545 0.5361 0.5273 0.5184 0.5128 0.5081 0.5024 0.4965 0.4916 0.4869 0.4788 0.4699 0.4591 0.4477 0.4317 0.4145 0.3915 0.3671 0.3371 0.3058 0.2684 0.2296 0.1874 0.1444 0.09808 0.05107 0.00308 -0.04513 -0.09108 -0.1366 -0.1728 -0.2071 -0.2307 -0.2522 -0.2661 -0.2786 -0.2896 -0.3003 -0.3069 -0.3128 -0.3165 -0.3197 -0.3244 -0.3294 -0.3376 -0.3463 -0.3531 -0.3597
-0.6245 -0.5785 -0.5258 -0.4665 -0.4047 -0.3451 -0.2865 -0.2191 -0.1485 -0.06733 0.01771 0.1013 0.1843 0.2539 0.3188 0.3745 0.4269 0.4677 0.5044 0.5235 0.5367 0.5346 0.5275 0.5188 0.5095 0.5012 0.4933 0.4858 0.4784 0.471 0.4636 0.4554 0.447 0.4404 0.4345 0.4279 0.4211 0.4157 0.4107 0.4036 0.3959 0.387 0.3776 0.365 0.3516 0.3326 0.3122 0.2854 0.257 0.2213 0.1839 0.1415 0.09807 0.05027 0.001514 -0.04849 -0.09876 -0.1464 -0.1934 -0.2305 -0.2656 -0.2889 -0.3099 -0.3215 -0.3313 -0.3395 -0.3473 -0.3523 -0.3568 -0.3597 -0.3622 -0.3655 -0.3689 -0.3756 -0.3828 -0.389 -0.3951
-0.8983 -0.8363 -0.7658 -0.6873 -0.6057 -0.5292 -0.4547 -0.3795 -0.3041 -0.2254 -0.1457 -0.06735 0.01041 0.07874 0.1437 0.2037 0.2618 0.3093 0.3531 0.3806 0.4025 0.41 0.4128 0.414 0.4146 0.4143 0.4137 0.4105 0.4066 0.4008 0.3946 0.3866 0.3781 0.3706 0.3633 0.3559 0.3486 0.343 0.338 0.332 0.3257 0.3186 0.3113 0.302 0.2922 0.2772 0.2609 0.2372 0.2118 0.1779 0.142 0.09971 0.05597 0.006886 -0.04338 -0.09514 -0.1472 -0.1963 -0.2448 -0.283 -0.3191 -0.3423 -0.3631 -0.3729 -0.3807 -0.3863 -0.3915 -0.395 -0.3981 -0.4002 -0.4021 -0.4042 -0.4062 -0.4116 -0.4176 -0.4232 -0.4287
-1.125 -1.045 -0.9562 -0.8591 -0.759 -0.6678 -0.58 -0.4998 -0.4224 -0.3488 -0.2765 -0.2055 -0.1348 -0.07032 -0.008028 0.05216 0.1116 0.1621 0.2094 0.2437 0.2735 0.2913 0.3052 0.3171 0.3285 0.3365 0.3435 0.3445 0.3436 0.3389 0.3329 0.3243 0.3149 0.306 0.2973 0.2896 0.2821 0.2771 0.2728 0.2682 0.2635 0.2583 0.253 0.2468 0.2404 0.2293 0.217 0.1966 0.1741 0.1424 0.1084 0.06653 0.02286 -0.027 -0.07824 -0.1312 -0.1846 -0.2349 -0.2846 -0.3241 -0.3615 -0.3855 -0.4069 -0.416 -0.4227 -0.4265 -0.4296 -0.4317 -0.4335 -0.435 -0.4364 -0.4376 -0.4388 -0.4434 -0.4484 -0.4535 -0.4586
-1.33 -1.235 -1.13 -1.017 -0.9006 -0.7964 -0.6967 -0.6118 -0.5325 -0.4629 -0.3968 -0.3317 -0.2671 -0.2062 -0.1467 -0.08707 -0.02742 0.02493 0.07479 0.1152 0.1525 0.1802 0.2049 0.2272 0.2488 0.2646 0.2787 0.2835 0.2855 0.2813 0.2752 0.2653 0.2542 0.2433 0.2325 0.2237 0.2155 0.2107 0.207 0.2039 0.2009 0.1983 0.1957 0.1932 0.1907 0.184 0.1764 0.1595 0.1404 0.1111 0.07927 0.03801 -0.005398 -0.05576 -0.1077 -0.1615 -0.2157 -0.2669 -0.3174 -0.3579 -0.3964 -0.4212 -0.4433 -0.4523 -0.4587 -0.4613 -0.4631 -0.4641 -0.465 -0.4661 -0.4673 -0.468 -0.4687 -0.4726 -0.477 -0.4815 -0.4861
-1.491 -1.384 -1.268 -1.145 -1.018 -0.9041 -0.7955 -0.7067 -0.6253 -0.5574 -0.4946 -0.4331 -0.372 -0.3143 -0.2577 -0.2004 -0.1429 -0.09087 -0.04068 0.004582 0.04821 0.08529 0.1202 0.152 0.1828 0.2053 0.2253 0.2333 0.2375 0.2329 0.2258 0.2132 0.199 0.1845 0.1698 0.1586 0.1482 0.1433 0.1398 0.1385 0.1377 0.1388 0.1403 0.1427 0.1452 0.1443 0.1425 0.13 0.115 0.08863 0.05957 0.01935 -0.02342 -0.07369 -0.1256 -0.1795 -0.2338 -0.2849 -0.3354 -0.3763 -0.4152 -0.441 -0.4643 -0.4743 -0.4818 -0.4847 -0.4868 -0.4877 -0.4883 -0.4896 -0.491 -0.4919 -0.4928 -0.4966 -0.5008 -0.5048 -0.5087
-1.632 -1.518 -1.394 -1.263 -1.128 -1.007 -0.8911 -0.7986 -0.7148 -0.6477 -0.5866 -0.5272 -0.4685 -0.4128 -0.3583 -0.3028 -0.247 -0.195 -0.1442 -0.0944 -0.04488 0.0007447 0.0451 0.08534 0.1243 0.1527 0.1779 0.1883 0.1942 0.1887 0.1798 0.1636 0.1452 0.1257 0.1061 0.09123 0.07777 0.07237 0.06916 0.07009 0.07212 0.07774 0.08429 0.09231 0.1007 0.1062 0.111 0.1034 0.09292 0.06987 0.04389 0.00507 -0.03667 -0.08641 -0.1379 -0.1915 -0.2454 -0.2962 -0.3463 -0.3872 -0.4264 -0.4532 -0.4776 -0.4891 -0.4982 -0.5021 -0.5051 -0.5064 -0.5074 -0.5093 -0.5113 -0.5128 -0.5142 -0.518 -0.5222 -0.5258 -0.5293
-1.735 -1.619 -1.494 -1.361 -1.224 -1.1 -0.9797 -0.8842 -0.7979 -0.729 -0.6664 -0.6064 -0.5474 -0.4917 -0.4372 -0.3824 -0.3276 -0.2749 -0.2231 -0.1692 -0.1148 -0.06223 -0.0103 0.03641 0.08145 0.1141 0.1428 0.1544 0.1607 0.1529 0.1408 0.119 0.09424 0.06734 0.03981 0.01927 0.0006747 -0.005619 -0.008578 -0.004444 0.001567 0.01347 0.0269 0.04231 0.05821 0.07165 0.08448 0.08282 0.07769 0.05872 0.03652 -0.0001059 -0.04001 -0.08836 -0.1386 -0.191 -0.2439 -0.2935 -0.3425 -0.383 -0.4217 -0.4495 -0.4751 -0.489 -0.5005 -0.5069 -0.5123 -0.5154 -0.518 -0.5212 -0.5245 -0.5272 -0.5298 -0.5341 -0.5387 -0.5422 -0.5455
-1.823 -1.707 -1.583 -1.449 -1.313 -1.187 -1.065 -0.9677 -0.8799 -0.8094 -0.7453 -0.6846 -0.6251 -0.5687 -0.5132 -0.4581 -0.4031 -0.3487 -0.2945 -0.2363 -0.1768 -0.1176 -0.05847 -0.005767 0.0449 0.08117 0.113 0.1251 0.1312 0.1202 0.1042 0.07584 0.04397 0.008954 -0.02696 -0.0536 -0.07767 -0.08521 -0.08828 -0.08132 -0.07171 -0.05338 -0.03282 -0.008978 0.01568 0.03825 0.0603 0.06517 0.06592 0.05115 0.03275 -0.00154 -0.03944 -0.08625 -0.135 -0.1863 -0.2381 -0.2867 -0.3347 -0.3747 -0.4131 -0.4418 -0.4686 -0.4848 -0.499 -0.508 -0.5161 -0.5212 -0.5258 -0.5306 -0.5354 -0.5393 -0.5431 -0.548 -0.5531 -0.5567 -0.56
-1.879 -1.767 -1.646 -1.518 -1.386 -1.263 -1.143 -1.047 -0.9596 -0.8881 -0.8224 -0.7607 -0.7005 -0.6417 -0.5834 -0.5259 -0.4687 -0.4101 -0.3511 -0.2876 -0.2228 -0.1574 -0.09195 -0.0342 0.02109 0.06002 0.09386 0.1052 0.1097 0.09391 0.07209 0.03568 -0.004985 -0.04936 -0.0948 -0.1283 -0.1586 -0.1681 -0.172 -0.163 -0.1505 -0.1255 -0.09728 -0.06287 -0.0269 0.007203 0.04085 0.05354 0.0612 0.05086 0.03632 0.004647 -0.03092 -0.07587 -0.1229 -0.173 -0.2237 -0.2714 -0.3185 -0.3581 -0.3963 -0.4259 -0.454 -0.4727 -0.4896 -0.5017 -0.5129 -0.5207 -0.5279 -0.5347 -0.5413 -0.5467 -0.5519 -0.5575 -0.5631 -0.5671 -0.5707
-1.923 -1.815 -1.699 -1.576 -1.45 -1.331 -1.216 -1.122 -1.037 -0.9652 -0.8989 -0.8367 -0.776 -0.7147 -0.6531 -0.5925 -0.5323 -0.4687 -0.4039 -0.3347 -0.2642 -0.1927 -0.1209 -0.05846 0.001091 0.04229 0.07777 0.08793 0.09038 0.0694 0.04143 -0.003231 -0.05275 -0.1061 -0.1605 -0.2004 -0.2363 -0.248 -0.2532 -0.2428 -0.2283 -0.197 -0.1614 -0.1159 -0.06781 -0.02154 0.02429 0.04503 0.05976 0.05348 0.04229 0.01295 -0.02051 -0.06377 -0.1092 -0.1581 -0.2079 -0.2548 -0.3011 -0.3405 -0.3786 -0.4093 -0.4385 -0.4596 -0.4791 -0.4941 -0.5082 -0.5186 -0.5283 -0.5369 -0.5453 -0.552 -0.5584 -0.5646 -0.5709 -0.5754 -0.5796
-1.942 -1.839 -1.73 -1.615 -1.497 -1.386 -1.278 -1.19 -1.109 -1.039 -0.974 -0.9124 -0.852 -0.7876 -0.7218 -0.6568 -0.5921 -0.5216 -0.4493 -0.3734 -0.2964 -0.2188 -0.141 -0.07437 -0.01129 0.0314 0.06775 0.07592 0.07552 0.04851 0.01358 -0.03962 -0.09814 -0.1596 -0.2219 -0.2672 -0.3079 -0.3222 -0.3294 -0.319 -0.304 -0.2673 -0.2249 -0.1671 -0.1053 -0.04568 0.01349 0.04277 0.06488 0.06191 0.05308 0.0255 -0.006356 -0.04821 -0.09228 -0.1403 -0.1892 -0.2356 -0.2814 -0.3211 -0.3594 -0.3911 -0.4214 -0.4446 -0.4664 -0.4839 -0.5006 -0.5133 -0.5253 -0.5354 -0.5452 -0.5529 -0.5603 -0.5673 -0.5742 -0.5796 -0.5846
-1.952 -1.855 -1.754 -1.647 -1.538 -1.435 -1.335 -1.252 -1.175 -1.108 -1.044 -0.9828 -0.9227 -0.8552 -0.785 -0.7153 -0.6457 -0.5683 -0.4883 -0.4061 -0.3232 -0.2401 -0.1571 -0.08722 -0.02159 0.02196 0.05864 0.06449 0.06096 0.02805 -0.01359 -0.07471 -0.1415 -0.2098 -0.2786 -0.3282 -0.3725 -0.3889 -0.3978 -0.387 -0.371 -0.3288 -0.2799 -0.2104 -0.1356 -0.0635 0.007929 0.04513 0.07414 0.0739 0.06683 0.04045 0.00967 -0.03114 -0.07418 -0.1214 -0.1696 -0.2156 -0.2611 -0.3009 -0.3396 -0.3723 -0.4038 -0.4289 -0.4528 -0.4726 -0.4916 -0.5065 -0.5206 -0.5321 -0.543 -0.5518 -0.5601 -0.5678 -0.5755 -0.5817 -0.5876
